Corn Dogs
703
0.000 0.003 0.294 29.412 3.142 0.010 -0.000 -1.052
0.000 0.006 0.294 -0.000 3.142 0.010 -0.000 -1.052
0.000 0.013 0.735 44.118 3.142 0.010 -0.000 -1.052
0.000 0.024 1.029 29.412 3.142 0.010 -0.000 -1.052
0.001 0.037 1.324 29.412 3.142 0.010 -0.001 -1.052
0.001 0.053 1.618 29.412 3.142 0.010 -0.001 -1.052
0.002 0.072 1.912 29.412 3.142 0.010 -0.002 -1.052
0.003 0.094 2.206 29.412 3.142 0.010 -0.003 -1.052
0.004 0.119 2.500 29.412 3.142 0.010 -0.004 -1.052
0.006 0.147 2.794 29.412 3.142 0.010 -0.006 -1.052
0.007 0.178 3.088 29.412 3.142 0.010 -0.007 -1.052
0.010 0.212 3.382 29.412 3.142 0.010 -0.010 -1.052
0.012 0.249 3.676 29.412 3.142 0.010 -0.012 -1.052
0.015 0.288 3.971 29.412 3.142 0.010 -0.015 -1.052
0.018 0.331 4.265 29.412 3.142 0.010 -0.018 -1.052
0.022 0.376 4.559 29.412 3.142 0.010 -0.022 -1.052
0.026 0.425 4.853 29.412 3.142 0.010 -0.026 -1.052
0.031 0.475 5.000 14.706 3.142 0.010 -0.031 -1.052
0.036 0.525 5.000 0.000 3.142 0.010 -0.036 -1.052
0.042 0.575 5.000 -0.000 3.142 0.010 -0.042 -1.052
0.048 0.625 5.000 -0.000 3.142 0.010 -0.048 -1.052
0.055 0.675 5.000 -0.000 3.142 0.010 -0.055 -1.052
0.062 0.725 5.000 0.000 3.142 0.010 -0.062 -1.052
0.070 0.775 5.000 -0.000 3.142 0.010 -0.070 -1.052
0.078 0.825 5.000 -0.000 3.142 0.010 -0.078 -1.052
0.087 0.875 5.000 0.000 3.142 0.010 -0.087 -1.052
0.096 0.925 5.000 -0.000 3.142 0.010 -0.096 -1.052
0.106 0.975 5.000 0.000 3.142 0.010 -0.106 -1.052
0.116 1.025 5.000 0.000 3.142 0.010 -0.116 -1.052
0.127 1.075 5.000 -0.000 3.142 0.010 -0.127 -1.052
0.138 1.125 5.000 0.000 3.142 0.010 -0.138 -1.052
0.150 1.175 5.000 -0.000 3.142 0.010 -0.150 -1.052
0.162 1.225 5.000 0.000 3.142 0.010 -0.162 -1.052
0.175 1.275 5.000 0.000 3.142 0.010 -0.175 -1.052
0.188 1.325 5.000 -0.000 3.142 0.010 -0.188 -1.052
0.202 1.375 5.000 0.000 3.142 0.010 -0.202 -1.052
0.216 1.425 5.000 -0.000 3.142 0.010 -0.216 -1.052
0.231 1.475 5.000 0.000 3.142 0.010 -0.231 -1.052
0.246 1.525 5.000 0.000 3.142 0.010 -0.246 -1.052
0.262 1.575 5.000 -0.000 3.142 0.010 -0.262 -1.052
0.278 1.625 5.000 0.000 3.142 0.010 -0.278 -1.052
0.295 1.675 5.000 0.000 3.142 0.010 -0.295 -1.052
0.312 1.725 5.000 -0.000 3.142 0.010 -0.312 -1.052
0.330 1.775 5.000 0.000 3.142 0.010 -0.330 -1.052
0.348 1.825 5.000 -0.000 3.142 0.010 -0.348 -1.052
0.367 1.875 5.000 0.000 3.142 0.010 -0.367 -1.052
0.386 1.925 5.000 0.000 3.142 0.010 -0.386 -1.052
0.406 1.975 5.000 0.000 3.142 0.010 -0.406 -1.052
0.426 2.025 5.000 -0.000 3.142 0.010 -0.426 -1.052
0.447 2.075 5.000 0.000 3.142 0.010 -0.447 -1.052
0.468 2.125 5.000 -0.000 3.142 0.010 -0.468 -1.052
0.490 2.175 5.000 0.000 3.142 0.010 -0.490 -1.052
0.512 2.225 5.000 0.000 3.142 0.010 -0.512 -1.052
0.535 2.275 5.000 -0.000 3.142 0.010 -0.535 -1.052
0.558 2.325 5.000 -0.000 3.142 0.010 -0.558 -1.052
0.582 2.375 5.000 -0.000 3.142 0.010 -0.582 -1.052
0.606 2.425 5.000 0.000 3.142 0.010 -0.606 -1.052
0.631 2.475 5.000 0.000 3.142 0.010 -0.631 -1.052
0.656 2.525 5.000 -0.000 3.142 0.010 -0.656 -1.052
0.682 2.575 5.000 0.000 3.142 0.010 -0.682 -1.052
0.708 2.624 4.853 -14.706 3.142 0.010 -0.708 -1.052
0.735 2.669 4.559 -29.412 3.142 0.010 -0.735 -1.052
0.762 2.712 4.265 -29.412 3.142 0.010 -0.762 -1.052
0.790 2.751 3.971 -29.412 3.142 0.010 -0.790 -1.052
0.817 2.788 3.676 -29.412 3.142 0.010 -0.817 -1.052
0.846 2.822 3.382 -29.412 3.142 0.010 -0.846 -1.052
0.874 2.853 3.088 -29.412 3.142 0.010 -0.874 -1.052
0.903 2.881 2.794 -29.412 3.142 0.010 -0.903 -1.052
0.932 2.906 2.500 -29.412 3.142 0.010 -0.932 -1.052
0.961 2.928 2.206 -29.412 3.142 0.010 -0.961 -1.052
0.991 2.947 1.912 -29.412 3.142 0.010 -0.991 -1.052
1.020 2.963 1.618 -29.412 3.142 0.010 -1.020 -1.052
1.050 2.976 1.324 -29.412 3.142 0.010 -1.050 -1.052
1.080 2.987 1.029 -29.412 3.142 0.010 -1.080 -1.052
1.110 2.994 0.735 -29.412 3.142 0.010 -1.110 -1.052
1.140 2.999 0.441 -29.412 3.142 0.010 -1.140 -1.052
1.170 3.000 0.147 -29.412 3.142 0.010 -1.170 -1.052
1.200 3.000 0.000 -14.706 3.142 0.010 -1.200 -1.052
1.230 3.000 0.000 0.000 3.142 0.010 -1.230 -1.052
1.260 3.000 0.000 0.000 3.142 0.010 -1.260 -1.052
1.290 3.000 0.000 0.000 3.142 0.010 -1.290 -1.052
1.320 3.000 0.000 0.000 3.142 0.010 -1.320 -1.052
1.350 3.000 0.000 0.000 3.142 0.010 -1.350 -1.052
1.380 3.000 -0.000 -0.000 3.142 0.010 -1.380 -1.052
1.410 3.000 0.000 0.000 3.142 0.010 -1.410 -1.052
1.440 3.000 0.000 -0.000 3.142 0.010 -1.440 -1.052
1.470 3.000 0.000 0.000 3.142 0.010 -1.470 -1.052
1.500 3.000 0.000 0.000 3.142 0.010 -1.500 -1.052
1.530 3.000 0.000 0.000 3.142 0.010 -1.530 -1.052
1.560 3.000 0.000 0.000 3.142 0.010 -1.560 -1.052
1.590 3.000 0.000 0.000 3.142 0.010 -1.590 -1.052
1.620 3.000 0.000 0.000 3.142 0.010 -1.620 -1.052
1.650 3.000 -0.000 -0.000 3.142 0.010 -1.650 -1.052
1.680 3.000 0.000 0.000 3.142 0.010 -1.680 -1.052
1.710 3.000 0.000 -0.000 3.142 0.010 -1.710 -1.052
1.740 3.000 0.000 0.000 3.142 0.010 -1.740 -1.052
1.770 3.000 0.000 0.000 3.142 0.010 -1.770 -1.052
1.800 3.000 0.000 0.000 3.142 0.010 -1.800 -1.052
1.830 3.000 0.000 0.000 3.142 0.010 -1.830 -1.052
1.860 3.000 0.000 0.000 3.142 0.010 -1.860 -1.052
1.890 3.000 -0.000 -0.000 3.142 0.010 -1.890 -1.052
1.920 3.000 0.000 0.000 3.142 0.010 -1.920 -1.052
1.950 3.000 0.000 -0.000 3.142 0.010 -1.950 -1.052
1.980 3.000 0.000 0.000 3.142 0.010 -1.980 -1.052
2.010 3.000 -0.000 -0.000 3.142 0.010 -2.010 -1.052
2.040 3.000 0.000 0.000 3.142 0.010 -2.040 -1.052
2.070 3.000 -0.000 -0.000 3.142 0.010 -2.070 -1.052
2.100 3.000 0.000 0.000 3.142 0.010 -2.100 -1.052
2.130 3.000 -0.000 -0.000 3.142 0.010 -2.130 -1.052
2.160 3.000 0.000 0.000 3.142 0.010 -2.160 -1.052
2.190 3.000 -0.000 -0.000 3.142 0.010 -2.190 -1.052
2.220 3.000 0.000 0.000 3.142 0.010 -2.220 -1.052
2.250 3.000 -0.000 -0.000 3.142 0.010 -2.250 -1.052
2.280 3.000 0.000 0.000 3.142 0.010 -2.280 -1.052
2.310 3.000 0.000 0.000 3.142 0.010 -2.310 -1.052
2.340 3.000 -0.000 -0.000 3.142 0.010 -2.340 -1.052
2.370 3.000 0.000 0.000 3.142 0.010 -2.370 -1.052
2.400 3.000 -0.000 -0.000 3.142 0.010 -2.400 -1.052
2.430 3.000 0.000 0.000 3.142 0.010 -2.430 -1.052
2.460 3.000 -0.000 -0.000 3.142 0.010 -2.460 -1.052
2.490 3.000 0.000 0.000 3.142 0.010 -2.490 -1.052
2.520 3.000 -0.000 -0.000 3.142 0.010 -2.520 -1.052
2.550 3.000 0.000 0.000 3.142 0.010 -2.550 -1.052
2.580 3.000 0.000 0.000 3.142 0.010 -2.580 -1.052
2.610 3.000 -0.000 -0.000 3.142 0.010 -2.610 -1.052
2.640 3.000 0.000 0.000 3.142 0.010 -2.640 -1.052
2.670 3.000 -0.000 -0.000 3.142 0.010 -2.670 -1.052
2.700 3.000 0.000 0.000 3.142 0.010 -2.700 -1.052
2.730 3.000 -0.000 -0.000 3.142 0.010 -2.730 -1.052
2.760 3.000 0.000 0.000 3.142 0.010 -2.760 -1.052
2.790 3.000 0.000 0.000 3.142 0.010 -2.790 -1.052
2.820 3.000 -0.000 -0.000 3.142 0.010 -2.820 -1.052
2.850 3.000 0.000 0.000 3.142 0.010 -2.850 -1.052
2.880 3.000 -0.000 -0.000 3.142 0.010 -2.880 -1.052
2.910 3.000 0.000 0.000 3.142 0.010 -2.910 -1.052
2.940 3.000 -0.000 -0.000 3.142 0.010 -2.940 -1.052
2.970 3.000 0.000 0.000 3.142 0.010 -2.970 -1.052
3.000 3.000 -0.000 -0.000 3.142 0.010 -3.000 -1.052
3.030 3.000 0.000 0.000 3.142 0.010 -3.030 -1.052
3.060 3.000 0.000 0.000 3.142 0.010 -3.060 -1.052
3.090 3.000 -0.000 -0.000 3.142 0.010 -3.090 -1.052
3.120 3.000 0.000 0.000 3.142 0.010 -3.120 -1.052
3.150 3.000 -0.000 -0.000 3.142 0.010 -3.150 -1.052
3.180 3.000 0.000 0.000 3.142 0.010 -3.180 -1.052
3.210 3.000 -0.000 -0.000 3.142 0.010 -3.210 -1.052
3.240 3.000 0.000 0.000 3.142 0.010 -3.240 -1.052
3.270 3.000 -0.000 -0.000 3.142 0.010 -3.270 -1.052
3.300 3.000 0.000 0.000 3.142 0.010 -3.300 -1.052
3.330 3.000 0.000 0.000 3.142 0.010 -3.330 -1.052
3.360 3.000 -0.000 -0.000 3.142 0.010 -3.360 -1.052
3.390 3.000 0.000 0.000 3.142 0.010 -3.390 -1.052
3.420 3.000 -0.000 -0.000 3.142 0.010 -3.420 -1.052
3.450 3.000 0.000 0.000 3.142 0.010 -3.450 -1.052
3.480 3.000 -0.000 -0.000 3.142 0.010 -3.480 -1.052
3.510 3.000 0.000 0.000 3.142 0.010 -3.510 -1.052
3.540 3.000 0.000 0.000 3.142 0.010 -3.540 -1.052
3.570 3.000 -0.000 -0.000 3.142 0.010 -3.570 -1.052
3.600 3.000 0.000 0.000 3.142 0.010 -3.600 -1.052
3.630 3.000 -0.000 -0.000 3.142 0.010 -3.630 -1.052
3.660 3.000 0.000 0.000 3.142 0.010 -3.660 -1.052
3.690 3.000 -0.000 -0.000 3.142 0.010 -3.690 -1.052
3.720 3.000 0.000 0.000 3.142 0.010 -3.720 -1.052
3.750 3.000 -0.000 -0.000 3.142 0.010 -3.750 -1.052
3.780 3.000 0.000 0.000 3.142 0.010 -3.780 -1.052
3.810 3.000 0.000 0.000 3.142 0.010 -3.810 -1.052
3.840 3.000 -0.000 -0.000 3.142 0.010 -3.840 -1.052
3.870 3.000 0.000 0.000 3.142 0.010 -3.870 -1.052
3.900 3.000 -0.000 -0.000 3.142 0.010 -3.900 -1.052
3.930 3.000 0.000 0.000 3.142 0.010 -3.930 -1.052
3.960 3.000 -0.000 -0.000 3.142 0.010 -3.960 -1.052
3.990 3.000 0.000 0.000 3.142 0.010 -3.990 -1.052
4.020 3.000 0.000 0.000 3.142 0.010 -4.020 -1.052
4.050 3.000 0.000 -0.000 3.142 0.010 -4.050 -1.052
4.080 3.000 0.000 -0.000 3.142 0.010 -4.080 -1.052
4.110 3.000 0.000 0.000 3.142 0.010 -4.110 -1.052
4.140 3.000 -0.000 -0.000 3.142 0.010 -4.140 -1.052
4.170 3.000 0.000 0.000 3.142 0.010 -4.170 -1.052
4.200 3.000 0.000 -0.000 3.142 0.010 -4.200 -1.052
4.230 3.000 0.000 0.000 3.142 0.010 -4.230 -1.052
4.260 3.000 -0.000 -0.000 3.142 0.010 -4.260 -1.052
4.290 3.000 0.000 0.000 3.142 0.010 -4.290 -1.052
4.320 3.000 0.000 -0.000 3.142 0.010 -4.320 -1.052
4.350 3.000 -0.000 -0.000 3.142 0.010 -4.350 -1.052
4.380 3.000 0.000 0.000 3.142 0.010 -4.380 -1.052
4.410 3.000 0.000 -0.000 3.142 0.010 -4.410 -1.052
4.440 3.000 0.000 0.000 3.142 0.010 -4.440 -1.052
4.470 3.000 -0.000 -0.000 3.142 0.010 -4.470 -1.052
4.500 3.000 0.000 0.000 3.142 0.010 -4.500 -1.052
4.530 3.000 0.000 -0.000 3.142 0.010 -4.530 -1.052
4.560 3.000 -0.000 -0.000 3.142 0.010 -4.560 -1.052
4.590 3.000 0.000 0.000 3.142 0.010 -4.590 -1.052
4.620 3.000 0.000 -0.000 3.142 0.010 -4.620 -1.052
4.650 3.000 0.000 0.000 3.142 0.010 -4.650 -1.052
4.680 3.000 0.000 0.000 3.142 0.010 -4.680 -1.052
4.710 3.000 -0.000 -0.000 3.142 0.010 -4.710 -1.052
4.740 3.000 0.000 0.000 3.142 0.010 -4.740 -1.052
4.770 3.000 0.000 -0.000 3.142 0.010 -4.770 -1.052
4.800 3.000 0.000 0.000 3.142 0.010 -4.800 -1.052
4.830 3.000 -0.000 -0.000 3.142 0.010 -4.830 -1.052
4.860 3.000 0.000 0.000 3.142 0.010 -4.860 -1.052
4.890 3.000 0.000 -0.000 3.142 0.010 -4.890 -1.052
4.920 3.000 -0.000 -0.000 3.142 0.010 -4.920 -1.052
4.950 3.000 0.000 0.000 3.142 0.010 -4.950 -1.052
4.980 3.000 0.000 -0.000 3.142 0.010 -4.980 -1.052
5.010 3.000 0.000 0.000 3.142 0.010 -5.010 -1.052
5.040 3.000 -0.000 -0.000 3.142 0.010 -5.040 -1.052
5.070 3.000 0.000 0.000 3.142 0.010 -5.070 -1.052
5.100 3.000 0.000 -0.000 3.142 0.010 -5.100 -1.052
5.130 3.000 0.000 0.000 3.142 0.010 -5.130 -1.052
5.160 3.000 -0.000 -0.000 3.142 0.010 -5.160 -1.052
5.190 3.000 0.000 0.000 3.142 0.010 -5.190 -1.052
5.220 3.000 0.000 -0.000 3.142 0.010 -5.220 -1.052
5.250 3.000 -0.000 -0.000 3.142 0.010 -5.250 -1.052
5.280 3.000 0.000 0.000 3.142 0.010 -5.280 -1.052
5.310 3.000 0.000 -0.000 3.142 0.010 -5.310 -1.052
5.340 3.000 0.000 0.000 3.142 0.010 -5.340 -1.052
5.370 3.000 -0.000 -0.000 3.142 0.010 -5.370 -1.052
5.400 3.000 0.000 0.000 3.142 0.010 -5.400 -1.052
5.430 3.000 0.000 -0.000 3.142 0.010 -5.430 -1.052
5.460 3.000 -0.000 -0.000 3.142 0.010 -5.460 -1.052
5.490 3.000 0.000 0.000 3.142 0.010 -5.490 -1.052
5.520 3.000 0.000 -0.000 3.142 0.010 -5.520 -1.052
5.550 3.000 0.000 0.000 3.142 0.010 -5.550 -1.052
5.580 3.000 -0.000 -0.000 3.142 0.010 -5.580 -1.052
5.610 3.000 0.000 0.000 3.142 0.010 -5.610 -1.052
5.640 3.000 0.000 -0.000 3.142 0.010 -5.640 -1.052
5.670 3.000 -0.000 -0.000 3.142 0.010 -5.670 -1.052
5.700 3.000 0.000 0.000 3.142 0.010 -5.700 -1.052
5.730 3.000 0.000 -0.000 3.142 0.010 -5.730 -1.052
5.760 3.000 0.000 0.000 3.142 0.010 -5.760 -1.052
5.790 3.000 -0.000 -0.000 3.142 0.010 -5.790 -1.052
5.820 3.000 0.000 0.000 3.142 0.010 -5.820 -1.052
5.850 3.000 0.000 -0.000 3.142 0.010 -5.850 -1.052
5.880 3.000 0.000 0.000 3.142 0.010 -5.880 -1.052
5.910 3.000 -0.000 -0.000 3.142 0.010 -5.910 -1.052
5.940 3.000 0.000 0.000 3.142 0.010 -5.940 -1.052
5.970 3.000 0.000 -0.000 3.142 0.010 -5.970 -1.052
6.000 3.000 -0.000 -0.000 3.142 0.010 -6.000 -1.052
6.030 3.000 0.000 0.000 3.142 0.010 -6.030 -1.052
6.060 3.000 0.000 -0.000 3.142 0.010 -6.060 -1.052
6.090 3.000 0.000 0.000 3.142 0.010 -6.090 -1.052
6.120 3.000 -0.000 -0.000 3.142 0.010 -6.120 -1.052
6.150 3.000 0.000 0.000 3.142 0.010 -6.150 -1.052
6.180 3.000 0.000 -0.000 3.142 0.010 -6.180 -1.052
6.210 3.000 -0.000 -0.000 3.142 0.010 -6.210 -1.052
6.240 3.000 0.000 0.000 3.142 0.010 -6.240 -1.052
6.270 3.000 0.000 -0.000 3.142 0.010 -6.270 -1.052
6.300 3.000 0.000 0.000 3.142 0.010 -6.300 -1.052
6.330 3.000 -0.000 -0.000 3.142 0.010 -6.330 -1.052
6.360 3.000 0.000 0.000 3.142 0.010 -6.360 -1.052
6.390 3.000 0.000 -0.000 3.142 0.010 -6.390 -1.052
6.420 3.000 -0.000 -0.000 3.142 0.010 -6.420 -1.052
6.450 3.000 0.000 0.000 3.142 0.010 -6.450 -1.052
6.480 3.000 0.000 -0.000 3.142 0.010 -6.480 -1.052
6.510 3.000 0.000 0.000 3.142 0.010 -6.510 -1.052
6.540 3.000 -0.000 -0.000 3.142 0.010 -6.540 -1.052
6.570 3.000 0.000 0.000 3.142 0.010 -6.570 -1.052
6.600 3.000 0.000 -0.000 3.142 0.010 -6.600 -1.052
6.630 3.000 0.000 0.000 3.142 0.010 -6.630 -1.052
6.660 3.000 -0.000 -0.000 3.142 0.010 -6.660 -1.052
6.690 3.000 0.000 0.000 3.142 0.010 -6.690 -1.052
6.720 3.000 0.000 -0.000 3.142 0.010 -6.720 -1.052
6.750 3.000 -0.000 -0.000 3.142 0.010 -6.750 -1.052
6.780 3.000 0.000 0.000 3.142 0.010 -6.780 -1.052
6.810 3.000 0.000 -0.000 3.142 0.010 -6.810 -1.052
6.840 3.000 0.000 0.000 3.142 0.010 -6.840 -1.052
6.870 3.000 -0.000 -0.000 3.142 0.010 -6.870 -1.052
6.900 3.000 0.000 0.000 3.142 0.010 -6.900 -1.052
6.930 3.000 0.000 -0.000 3.142 0.010 -6.930 -1.052
6.960 3.000 -0.000 -0.000 3.142 0.010 -6.960 -1.052
6.990 3.000 0.000 0.000 3.142 0.010 -6.990 -1.052
7.020 3.000 0.000 -0.000 3.142 0.010 -7.020 -1.052
7.050 3.000 0.000 0.000 3.142 0.010 -7.050 -1.052
7.080 3.000 -0.000 -0.000 3.142 0.010 -7.080 -1.052
7.110 3.000 0.000 0.000 3.142 0.010 -7.110 -1.052
7.140 3.000 0.000 -0.000 3.142 0.010 -7.140 -1.052
7.170 3.000 -0.000 -0.000 3.142 0.010 -7.170 -1.052
7.200 3.000 0.000 0.000 3.142 0.010 -7.200 -1.052
7.230 3.000 0.000 -0.000 3.142 0.010 -7.230 -1.052
7.260 3.000 0.000 0.000 3.142 0.010 -7.260 -1.052
7.290 3.000 -0.000 -0.000 3.142 0.010 -7.290 -1.052
7.320 3.000 0.000 0.000 3.142 0.010 -7.320 -1.052
7.350 3.000 0.000 -0.000 3.142 0.010 -7.350 -1.052
7.380 3.000 0.000 0.000 3.142 0.010 -7.380 -1.052
7.410 3.000 -0.000 -0.000 3.142 0.010 -7.410 -1.052
7.440 3.000 0.000 0.000 3.142 0.010 -7.440 -1.052
7.470 3.000 0.000 -0.000 3.142 0.010 -7.470 -1.052
7.500 3.000 -0.000 -0.000 3.142 0.010 -7.500 -1.052
7.530 3.000 0.000 0.000 3.142 0.010 -7.530 -1.052
7.560 3.000 0.000 -0.000 3.142 0.010 -7.560 -1.052
7.590 3.000 0.000 0.000 3.142 0.010 -7.590 -1.052
7.620 3.000 -0.000 -0.000 3.142 0.010 -7.620 -1.052
7.650 3.000 0.000 0.000 3.142 0.010 -7.650 -1.052
7.680 3.000 0.000 -0.000 3.142 0.010 -7.680 -1.052
7.710 3.000 -0.000 -0.000 3.142 0.010 -7.710 -1.052
7.740 3.000 0.000 0.000 3.142 0.010 -7.740 -1.052
7.770 3.000 0.000 -0.000 3.142 0.010 -7.770 -1.052
7.800 3.000 0.000 0.000 3.142 0.010 -7.800 -1.052
7.830 3.000 -0.000 -0.000 3.142 0.010 -7.830 -1.052
7.860 3.000 0.000 0.000 3.142 0.010 -7.860 -1.052
7.890 3.000 0.000 -0.000 3.142 0.010 -7.890 -1.052
7.920 3.000 -0.000 -0.000 3.142 0.010 -7.920 -1.052
7.950 3.000 0.000 0.000 3.142 0.010 -7.950 -1.052
7.980 3.000 0.000 -0.000 3.142 0.010 -7.980 -1.052
8.010 3.000 0.041 4.104 3.142 0.010 -8.010 -1.052
8.040 3.006 0.569 52.826 3.142 0.010 -8.040 -1.052
8.070 3.013 0.717 14.764 3.141 0.010 -8.070 -1.052
8.100 3.020 0.699 -1.783 3.141 0.010 -8.100 -1.052
8.131 3.027 0.681 -1.780 3.141 0.010 -8.131 -1.052
8.161 3.034 0.664 -1.776 3.141 0.010 -8.161 -1.052
8.191 3.040 0.646 -1.771 3.140 0.010 -8.191 -1.052
8.222 3.046 0.628 -1.766 3.140 0.010 -8.222 -1.052
8.252 3.053 0.611 -1.759 3.139 0.010 -8.252 -1.052
8.283 3.058 0.593 -1.753 3.139 0.010 -8.283 -1.052
8.314 3.064 0.576 -1.745 3.138 0.010 -8.314 -1.052
8.344 3.070 0.558 -1.737 3.137 0.010 -8.344 -1.052
8.375 3.075 0.541 -1.729 3.137 0.010 -8.375 -1.051
8.406 3.080 0.524 -1.720 3.136 0.010 -8.406 -1.051
8.437 3.086 0.507 -1.710 3.135 0.010 -8.437 -1.051
8.468 3.090 0.490 -1.700 3.134 0.010 -8.468 -1.051
8.499 3.095 0.473 -1.690 3.133 0.010 -8.499 -1.051
8.530 3.100 0.456 -1.679 3.132 0.010 -8.530 -1.050
8.561 3.104 0.439 -1.667 3.131 0.010 -8.561 -1.050
8.592 3.108 0.423 -1.655 3.130 0.010 -8.592 -1.050
8.623 3.112 0.406 -1.643 3.129 0.010 -8.623 -1.049
8.654 3.116 0.390 -1.630 3.128 0.010 -8.654 -1.049
8.685 3.120 0.374 -1.617 3.127 0.010 -8.685 -1.049
8.716 3.124 0.358 -1.604 3.126 0.010 -8.716 -1.048
8.748 3.127 0.342 -1.590 3.125 0.010 -8.748 -1.048
8.779 3.130 0.326 -1.576 3.124 0.010 -8.779 -1.047
8.810 3.133 0.311 -1.562 3.122 0.010 -8.810 -1.046
8.842 3.136 0.295 -1.547 3.121 0.010 -8.842 -1.046
8.873 3.139 0.280 -1.532 3.120 0.010 -8.873 -1.045
8.905 3.142 0.265 -1.517 3.118 0.010 -8.904 -1.044
8.936 3.144 0.250 -1.501 3.117 0.010 -8.936 -1.044
8.967 3.147 0.235 -1.485 3.116 0.010 -8.967 -1.043
8.999 3.149 0.220 -1.469 3.114 0.010 -8.999 -1.042
9.030 3.151 0.205 -1.453 3.113 0.010 -9.030 -1.041
9.062 3.153 0.191 -1.437 3.111 0.010 -9.062 -1.040
9.094 3.155 0.177 -1.420 3.110 0.010 -9.093 -1.039
9.125 3.156 0.163 -1.403 3.108 0.010 -9.125 -1.038
9.157 3.158 0.149 -1.386 3.107 0.010 -9.156 -1.037
9.188 3.159 0.135 -1.369 3.105 0.010 -9.188 -1.036
9.220 3.160 0.122 -1.352 3.104 0.010 -9.220 -1.035
9.251 3.161 0.108 -1.335 3.102 0.010 -9.251 -1.034
9.283 3.162 0.095 -1.317 3.101 0.010 -9.283 -1.032
9.315 3.163 0.082 -1.299 3.099 0.010 -9.314 -1.031
9.346 3.164 0.069 -1.282 3.098 0.010 -9.346 -1.030
9.378 3.164 0.057 -1.264 3.096 0.010 -9.378 -1.028
9.410 3.165 0.044 -1.246 3.094 0.010 -9.409 -1.027
9.441 3.165 0.032 -1.228 3.093 0.010 -9.441 -1.025
9.473 3.165 0.020 -1.210 3.091 0.010 -9.472 -1.024
9.505 3.165 0.008 -1.193 3.090 0.010 -9.504 -1.022
9.536 3.165 -0.004 -1.175 3.088 0.010 -9.536 -1.020
9.568 3.165 -0.015 -1.157 3.087 0.010 -9.567 -1.019
9.600 3.165 -0.027 -1.139 3.085 0.010 -9.599 -1.017
9.631 3.165 -0.038 -1.121 3.083 0.010 -9.631 -1.015
9.663 3.164 -0.049 -1.103 3.082 0.010 -9.662 -1.013
9.694 3.164 -0.060 -1.086 3.080 0.010 -9.694 -1.011
9.726 3.163 -0.070 -1.068 3.079 0.010 -9.725 -1.009
9.758 3.162 -0.081 -1.050 3.077 0.010 -9.757 -1.007
9.789 3.161 -0.091 -1.033 3.076 0.010 -9.788 -1.005
9.821 3.160 -0.101 -1.016 3.074 0.010 -9.820 -1.003
9.853 3.159 -0.111 -0.998 3.073 0.010 -9.851 -1.001
9.884 3.158 -0.121 -0.981 3.071 0.010 -9.883 -0.999
9.916 3.156 -0.131 -0.964 3.070 0.010 -9.914 -0.997
9.947 3.155 -0.140 -0.948 3.068 0.010 -9.946 -0.994
9.979 3.154 -0.150 -0.931 3.067 0.010 -9.977 -0.992
10.010 3.152 -0.159 -0.914 3.065 0.010 -10.009 -0.990
10.042 3.150 -0.168 -0.898 3.064 0.010 -10.040 -0.987
10.073 3.149 -0.177 -0.882 3.062 0.010 -10.072 -0.985
10.105 3.147 -0.185 -0.866 3.061 0.010 -10.103 -0.982
10.136 3.145 -0.194 -0.851 3.060 0.010 -10.134 -0.980
10.168 3.143 -0.202 -0.835 3.058 0.010 -10.166 -0.977
10.199 3.141 -0.210 -0.820 3.057 0.010 -10.197 -0.974
10.230 3.138 -0.218 -0.805 3.056 0.010 -10.228 -0.972
10.262 3.136 -0.226 -0.790 3.054 0.010 -10.259 -0.969
10.293 3.134 -0.234 -0.776 3.053 0.010 -10.291 -0.966
10.324 3.131 -0.242 -0.762 3.052 0.010 -10.322 -0.964
10.356 3.129 -0.249 -0.748 3.051 0.010 -10.353 -0.961
10.387 3.126 -0.256 -0.734 3.049 0.010 -10.384 -0.958
10.418 3.124 -0.264 -0.721 3.048 0.010 -10.415 -0.955
10.449 3.121 -0.271 -0.708 3.047 0.010 -10.446 -0.952
10.481 3.118 -0.278 -0.695 3.046 0.010 -10.477 -0.949
10.512 3.115 -0.285 -0.682 3.045 0.010 -10.508 -0.946
10.543 3.112 -0.291 -0.670 3.044 0.010 -10.539 -0.943
10.574 3.109 -0.298 -0.658 3.043 0.010 -10.570 -0.940
10.605 3.106 -0.304 -0.647 3.042 0.010 -10.601 -0.937
10.636 3.103 -0.311 -0.635 3.041 0.010 -10.632 -0.934
10.667 3.100 -0.317 -0.624 3.040 0.010 -10.663 -0.931
10.698 3.097 -0.323 -0.613 3.039 0.010 -10.694 -0.928
10.729 3.094 -0.329 -0.603 3.038 0.010 -10.724 -0.924
10.760 3.090 -0.335 -0.593 3.037 0.010 -10.755 -0.921
10.791 3.087 -0.341 -0.583 3.036 0.010 -10.786 -0.918
10.822 3.083 -0.347 -0.573 3.036 0.010 -10.817 -0.915
10.852 3.080 -0.352 -0.564 3.035 0.010 -10.847 -0.911
10.883 3.076 -0.358 -0.555 3.034 0.010 -10.878 -0.908
10.914 3.073 -0.363 -0.546 3.033 0.010 -10.908 -0.905
10.945 3.069 -0.369 -0.538 3.033 0.010 -10.939 -0.901
10.975 3.065 -0.374 -0.530 3.032 0.010 -10.969 -0.898
11.006 3.061 -0.379 -0.522 3.032 0.010 -11.000 -0.895
11.036 3.058 -0.384 -0.515 3.031 0.010 -11.030 -0.891
11.067 3.054 -0.389 -0.508 3.030 0.010 -11.060 -0.888
11.097 3.050 -0.394 -0.501 3.030 0.010 -11.091 -0.885
11.128 3.046 -0.399 -0.494 3.030 0.010 -11.121 -0.881
11.158 3.042 -0.404 -0.488 3.029 0.010 -11.151 -0.878
11.189 3.038 -0.409 -0.481 3.029 0.010 -11.181 -0.874
11.219 3.034 -0.414 -0.476 3.028 0.010 -11.212 -0.871
11.249 3.029 -0.418 -0.470 3.028 0.010 -11.242 -0.868
11.280 3.025 -0.423 -0.465 3.028 0.010 -11.272 -0.864
11.310 3.021 -0.428 -0.460 3.028 0.010 -11.302 -0.861
11.340 3.017 -0.432 -0.455 3.028 0.010 -11.332 -0.857
11.370 3.012 -0.437 -0.450 3.027 0.010 -11.362 -0.854
11.400 3.008 -0.441 -0.446 3.027 0.010 -11.392 -0.850
11.430 3.003 -0.446 -0.442 3.027 0.010 -11.421 -0.847
11.460 2.999 -0.450 -0.438 3.027 0.010 -11.451 -0.844
11.490 2.994 -0.454 -0.434 3.027 0.010 -11.481 -0.840
11.520 2.990 -0.459 -0.431 3.028 0.010 -11.511 -0.837
11.550 2.985 -0.463 -0.428 3.028 0.010 -11.540 -0.833
11.580 2.980 -0.467 -0.425 3.028 0.010 -11.570 -0.830
11.609 2.976 -0.471 -0.422 3.028 0.010 -11.599 -0.827
11.639 2.971 -0.476 -0.419 3.028 0.010 -11.629 -0.823
11.669 2.966 -0.480 -0.416 3.029 0.010 -11.658 -0.820
11.698 2.961 -0.484 -0.414 3.029 0.010 -11.688 -0.817
11.728 2.956 -0.488 -0.412 3.029 0.010 -11.717 -0.813
11.757 2.951 -0.492 -0.410 3.030 0.010 -11.747 -0.810
11.787 2.946 -0.496 -0.408 3.030 0.010 -11.776 -0.807
11.816 2.941 -0.500 -0.406 3.031 0.010 -11.805 -0.803
11.846 2.936 -0.504 -0.404 3.032 0.010 -11.834 -0.800
11.875 2.931 -0.508 -0.403 3.032 0.010 -11.863 -0.797
11.904 2.926 -0.512 -0.401 3.033 0.010 -11.892 -0.794
11.933 2.921 -0.516 -0.400 3.034 0.010 -11.922 -0.791
11.963 2.916 -0.520 -0.398 3.035 0.010 -11.950 -0.788
11.992 2.911 -0.524 -0.397 3.035 0.010 -11.979 -0.784
12.021 2.905 -0.528 -0.396 3.036 0.010 -12.008 -0.781
12.050 2.900 -0.532 -0.395 3.037 0.010 -12.037 -0.778
12.079 2.895 -0.536 -0.393 3.038 0.010 -12.066 -0.775
12.108 2.889 -0.540 -0.392 3.039 0.010 -12.095 -0.772
12.136 2.884 -0.544 -0.391 3.040 0.010 -12.123 -0.769
12.165 2.878 -0.548 -0.390 3.042 0.010 -12.152 -0.767
12.194 2.873 -0.552 -0.388 3.043 0.010 -12.181 -0.764
12.223 2.867 -0.556 -0.387 3.044 0.010 -12.209 -0.761
12.251 2.862 -0.559 -0.386 3.045 0.010 -12.238 -0.758
12.280 2.856 -0.563 -0.384 3.047 0.010 -12.266 -0.755
12.308 2.850 -0.567 -0.383 3.048 0.010 -12.294 -0.753
12.337 2.845 -0.571 -0.381 3.050 0.010 -12.323 -0.750
12.365 2.839 -0.575 -0.379 3.051 0.010 -12.351 -0.747
12.394 2.833 -0.578 -0.377 3.053 0.010 -12.379 -0.745
12.422 2.827 -0.582 -0.375 3.054 0.010 -12.407 -0.742
12.450 2.821 -0.586 -0.373 3.056 0.010 -12.436 -0.740
12.478 2.816 -0.590 -0.370 3.058 0.010 -12.464 -0.738
12.506 2.810 -0.593 -0.367 3.060 0.010 -12.492 -0.735
12.534 2.804 -0.597 -0.364 3.061 0.010 -12.520 -0.733
12.562 2.798 -0.601 -0.361 3.063 0.010 -12.547 -0.731
12.590 2.792 -0.604 -0.358 3.065 0.010 -12.575 -0.729
12.618 2.786 -0.608 -0.354 3.067 0.010 -12.603 -0.727
12.646 2.779 -0.611 -0.350 3.070 0.010 -12.631 -0.725
12.674 2.773 -0.615 -0.345 3.072 0.010 -12.658 -0.723
12.701 2.767 -0.618 -0.340 3.074 0.010 -12.686 -0.721
12.729 2.761 -0.621 -0.335 3.076 0.010 -12.714 -0.719
12.756 2.755 -0.625 -0.329 3.078 0.010 -12.741 -0.717
12.784 2.748 -0.628 -0.323 3.081 0.010 -12.768 -0.715
12.811 2.742 -0.631 -0.317 3.083 0.010 -12.796 -0.714
12.839 2.736 -0.634 -0.310 3.086 0.010 -12.823 -0.712
12.866 2.729 -0.637 -0.302 3.088 0.010 -12.850 -0.711
12.893 2.723 -0.640 -0.294 3.091 0.010 -12.878 -0.709
12.920 2.717 -0.643 -0.285 3.094 0.010 -12.905 -0.708
12.947 2.710 -0.646 -0.276 3.096 0.010 -12.932 -0.707
12.974 2.704 -0.648 -0.266 3.099 0.010 -12.959 -0.705
13.001 2.697 -0.651 -0.256 3.102 0.010 -12.986 -0.704
13.028 2.691 -0.653 -0.244 3.105 0.010 -13.013 -0.703
13.055 2.684 -0.656 -0.233 3.108 0.010 -13.039 -0.702
13.082 2.677 -0.658 -0.220 3.111 0.010 -13.066 -0.702
13.109 2.671 -0.660 -0.207 3.114 0.010 -13.093 -0.701
13.135 2.664 -0.662 -0.193 3.118 0.010 -13.120 -0.700
13.162 2.658 -0.664 -0.178 3.121 0.010 -13.146 -0.700
13.188 2.651 -0.665 -0.162 3.124 0.010 -13.173 -0.699
13.215 2.644 -0.667 -0.146 3.127 0.010 -13.199 -0.699
13.241 2.638 -0.668 -0.129 3.131 0.010 -13.225 -0.698
13.268 2.631 -0.669 -0.110 3.134 0.010 -13.252 -0.698
13.294 2.624 -0.670 -0.091 3.138 0.010 -13.278 -0.698
13.320 2.617 -0.671 -0.071 3.142 0.010 -13.304 -0.698
13.346 2.611 -0.671 -0.050 3.145 0.010 -13.330 -0.698
13.372 2.604 -0.672 -0.029 3.149 0.010 -13.356 -0.698
13.398 2.597 -0.672 -0.006 3.153 0.010 -13.382 -0.698
13.424 2.591 -0.671 0.018 3.157 0.010 -13.408 -0.699
13.450 2.584 -0.671 0.043 3.161 0.010 -13.434 -0.699
13.476 2.577 -0.670 0.069 3.165 0.010 -13.460 -0.700
13.501 2.570 -0.669 0.095 3.169 0.010 -13.486 -0.700
13.527 2.564 -0.668 0.123 3.173 0.010 -13.511 -0.701
13.553 2.557 -0.667 0.152 3.177 0.010 -13.537 -0.702
13.578 2.550 -0.665 0.182 3.181 0.010 -13.562 -0.703
13.603 2.544 -0.663 0.213 3.186 0.010 -13.588 -0.704
13.629 2.537 -0.660 0.244 3.190 0.010 -13.613 -0.705
13.654 2.531 -0.657 0.277 3.195 0.010 -13.638 -0.706
13.679 2.524 -0.654 0.311 3.199 0.010 -13.663 -0.708
13.705 2.518 -0.651 0.346 3.204 0.010 -13.689 -0.709
13.730 2.511 -0.647 0.382 3.208 0.010 -13.714 -0.711
13.755 2.505 -0.643 0.418 3.213 0.010 -13.739 -0.713
13.780 2.498 -0.638 0.456 3.218 0.010 -13.764 -0.714
13.805 2.492 -0.633 0.494 3.223 0.010 -13.788 -0.716
13.829 2.486 -0.628 0.534 3.228 0.010 -13.813 -0.719
13.854 2.480 -0.622 0.574 3.233 0.010 -13.838 -0.721
13.879 2.473 -0.616 0.615 3.238 0.010 -13.862 -0.723
13.904 2.467 -0.610 0.656 3.243 0.010 -13.887 -0.725
13.928 2.461 -0.603 0.699 3.248 0.010 -13.911 -0.728
13.953 2.455 -0.595 0.742 3.253 0.010 -13.936 -0.731
13.977 2.449 -0.587 0.785 3.258 0.010 -13.960 -0.733
14.002 2.444 -0.579 0.829 3.263 0.010 -13.984 -0.736
14.026 2.438 -0.570 0.873 3.269 0.010 -14.009 -0.739
14.050 2.432 -0.561 0.918 3.274 0.010 -14.033 -0.743
14.075 2.427 -0.552 0.963 3.280 0.010 -14.057 -0.746
14.099 2.421 -0.541 1.008 3.285 0.010 -14.081 -0.749
14.123 2.416 -0.531 1.054 3.291 0.010 -14.105 -0.753
14.147 2.411 -0.520 1.099 3.296 0.010 -14.129 -0.756
14.171 2.406 -0.508 1.145 3.302 0.010 -14.152 -0.760
14.195 2.401 -0.497 1.190 3.308 0.010 -14.176 -0.764
14.219 2.396 -0.484 1.235 3.313 0.010 -14.200 -0.768
14.243 2.391 -0.471 1.279 3.319 0.010 -14.223 -0.772
14.267 2.387 -0.458 1.323 3.325 0.010 -14.247 -0.777
14.291 2.382 -0.445 1.367 3.331 0.010 -14.270 -0.781
14.315 2.378 -0.430 1.409 3.337 0.010 -14.293 -0.785
14.338 2.374 -0.416 1.451 3.343 0.010 -14.317 -0.790
14.362 2.370 -0.401 1.493 3.349 0.010 -14.340 -0.795
14.386 2.366 -0.386 1.533 3.355 0.010 -14.363 -0.800
14.409 2.362 -0.370 1.572 3.361 0.010 -14.386 -0.805
14.433 2.359 -0.354 1.610 3.367 0.010 -14.409 -0.810
14.456 2.355 -0.337 1.646 3.373 0.010 -14.432 -0.815
14.480 2.352 -0.321 1.681 3.379 0.010 -14.455 -0.821
14.503 2.349 -0.303 1.715 3.385 0.010 -14.478 -0.827
14.527 2.346 -0.286 1.747 3.392 0.010 -14.500 -0.832
14.550 2.343 -0.268 1.777 3.398 0.010 -14.523 -0.838
14.574 2.341 -0.250 1.806 3.404 0.010 -14.546 -0.844
14.597 2.339 -0.232 1.832 3.410 0.010 -14.568 -0.850
14.621 2.337 -0.213 1.857 3.417 0.010 -14.591 -0.857
14.644 2.335 -0.194 1.880 3.423 0.010 -14.613 -0.863
14.667 2.333 -0.175 1.900 3.429 0.010 -14.636 -0.870
14.691 2.331 -0.156 1.919 3.436 0.010 -14.658 -0.876
14.714 2.330 -0.137 1.935 3.442 0.010 -14.680 -0.883
14.737 2.329 -0.117 1.948 3.448 0.010 -14.703 -0.890
14.760 2.328 -0.098 1.960 3.455 0.010 -14.725 -0.897
14.784 2.327 -0.078 1.969 3.461 0.010 -14.747 -0.904
14.807 2.326 -0.058 1.976 3.468 0.010 -14.769 -0.912
14.830 2.326 -0.039 1.980 3.474 0.010 -14.791 -0.919
14.853 2.326 -0.019 1.982 3.480 0.010 -14.813 -0.927
14.877 2.326 0.001 1.982 3.487 0.010 -14.835 -0.935
14.900 2.326 0.021 1.979 3.493 0.010 -14.857 -0.943
14.923 2.326 0.041 1.974 3.500 0.010 -14.878 -0.951
14.947 2.327 0.060 1.966 3.506 0.010 -14.900 -0.959
14.970 2.328 0.080 1.956 3.512 0.010 -14.922 -0.967
14.993 2.329 0.099 1.944 3.519 0.010 -14.944 -0.976
15.016 2.330 0.119 1.930 3.525 0.010 -14.965 -0.985
15.040 2.331 0.138 1.913 3.532 0.010 -14.987 -0.993
15.063 2.333 0.157 1.894 3.538 0.010 -15.008 -1.002
15.086 2.335 0.175 1.873 3.544 0.010 -15.030 -1.011
15.110 2.337 0.194 1.850 3.551 0.010 -15.051 -1.021
15.133 2.339 0.212 1.825 3.557 0.010 -15.073 -1.030
15.157 2.341 0.230 1.799 3.563 0.010 -15.094 -1.039
15.180 2.344 0.248 1.770 3.569 0.010 -15.116 -1.049
15.203 2.346 0.265 1.741 3.576 0.010 -15.137 -1.059
15.227 2.349 0.282 1.709 3.582 0.010 -15.158 -1.069
15.250 2.352 0.299 1.676 3.588 0.010 -15.179 -1.079
15.274 2.355 0.315 1.641 3.594 0.010 -15.201 -1.089
15.298 2.358 0.332 1.606 3.600 0.010 -15.222 -1.100
15.321 2.362 0.347 1.569 3.606 0.010 -15.243 -1.110
15.345 2.366 0.363 1.531 3.612 0.010 -15.264 -1.121
15.369 2.369 0.377 1.493 3.618 0.010 -15.285 -1.132
15.392 2.373 0.392 1.453 3.624 0.010 -15.306 -1.142
15.416 2.377 0.406 1.413 3.630 0.010 -15.327 -1.154
15.440 2.382 0.420 1.372 3.636 0.010 -15.348 -1.165
15.464 2.386 0.433 1.331 3.642 0.010 -15.369 -1.176
15.488 2.390 0.446 1.289 3.648 0.010 -15.390 -1.188
15.512 2.395 0.459 1.247 3.653 0.010 -15.411 -1.199
15.536 2.400 0.471 1.205 3.659 0.010 -15.432 -1.211
15.560 2.404 0.482 1.163 3.665 0.010 -15.453 -1.223
15.584 2.409 0.493 1.120 3.670 0.010 -15.474 -1.235
15.608 2.414 0.504 1.078 3.676 0.010 -15.494 -1.247
15.632 2.420 0.515 1.036 3.681 0.010 -15.515 -1.260
15.656 2.425 0.524 0.995 3.687 0.010 -15.536 -1.272
15.681 2.430 0.534 0.953 3.692 0.010 -15.557 -1.285
15.705 2.436 0.543 0.913 3.698 0.010 -15.577 -1.298
15.729 2.441 0.552 0.872 3.703 0.010 -15.598 -1.311
15.754 2.447 0.560 0.833 3.708 0.010 -15.619 -1.324
15.778 2.452 0.568 0.793 3.713 0.010 -15.639 -1.337
15.803 2.458 0.576 0.755 3.719 0.010 -15.660 -1.350
15.828 2.464 0.583 0.717 3.724 0.010 -15.681 -1.364
15.852 2.470 0.590 0.681 3.729 0.010 -15.701 -1.378
15.877 2.476 0.596 0.644 3.734 0.010 -15.722 -1.391
15.902 2.482 0.602 0.610 3.739 0.010 -15.742 -1.405
15.927 2.488 0.608 0.575 3.744 0.010 -15.763 -1.419
15.952 2.494 0.613 0.542 3.748 0.010 -15.784 -1.433
15.977 2.500 0.618 0.510 3.753 0.010 -15.804 -1.448
16.002 2.506 0.623 0.479 3.758 0.010 -15.825 -1.462
16.027 2.513 0.628 0.449 3.762 0.010 -15.845 -1.477
16.052 2.519 0.632 0.420 3.767 0.010 -15.865 -1.491
16.077 2.525 0.636 0.393 3.771 0.010 -15.886 -1.506
16.103 2.532 0.640 0.366 3.776 0.010 -15.906 -1.521
16.128 2.538 0.643 0.340 3.780 0.010 -15.927 -1.536
16.153 2.545 0.646 0.316 3.785 0.010 -15.947 -1.552
16.179 2.551 0.649 0.293 3.789 0.010 -15.968 -1.567
16.205 2.558 0.652 0.271 3.793 0.010 -15.988 -1.582
16.230 2.564 0.654 0.250 3.797 0.010 -16.008 -1.598
16.256 2.571 0.657 0.230 3.801 0.010 -16.029 -1.614
16.282 2.577 0.659 0.212 3.805 0.010 -16.049 -1.629
16.308 2.584 0.661 0.194 3.809 0.010 -16.069 -1.645
16.333 2.591 0.662 0.178 3.813 0.010 -16.090 -1.662
16.359 2.597 0.664 0.163 3.817 0.010 -16.110 -1.678
16.385 2.604 0.665 0.149 3.821 0.010 -16.130 -1.694
16.412 2.611 0.667 0.136 3.824 0.010 -16.150 -1.710
16.438 2.617 0.668 0.124 3.828 0.010 -16.171 -1.727
16.464 2.624 0.669 0.114 3.832 0.010 -16.191 -1.744
16.490 2.631 0.670 0.104 3.835 0.010 -16.211 -1.760
16.517 2.637 0.671 0.095 3.839 0.010 -16.231 -1.777
16.543 2.644 0.672 0.088 3.842 0.010 -16.252 -1.794
16.570 2.651 0.673 0.082 3.845 0.010 -16.272 -1.812
16.596 2.658 0.674 0.076 3.849 0.010 -16.292 -1.829
16.623 2.664 0.674 0.072 3.852 0.010 -16.312 -1.846
16.650 2.671 0.675 0.069 3.855 0.010 -16.333 -1.864
16.676 2.678 0.676 0.067 3.858 0.010 -16.353 -1.881
16.703 2.685 0.676 0.066 3.861 0.010 -16.373 -1.899
16.730 2.691 0.677 0.065 3.864 0.010 -16.393 -1.917
16.757 2.698 0.678 0.066 3.867 0.010 -16.414 -1.934
16.784 2.705 0.678 0.068 3.870 0.010 -16.434 -1.952
16.811 2.712 0.679 0.070 3.872 0.010 -16.454 -1.970
16.838 2.719 0.680 0.074 3.875 0.010 -16.474 -1.989
16.866 2.724 0.556 -12.413 3.878 0.010 -16.494 -2.007
16.893 2.727 0.296 -25.942 3.880 0.010 -16.515 -2.025
16.920 2.727 0.025 -27.083 3.883 0.010 -16.535 -2.044
16.947 2.725 -0.248 -27.343 3.885 0.010 -16.555 -2.062
16.975 2.720 -0.524 -27.601 3.887 0.010 -16.575 -2.080
17.002 2.712 -0.803 -27.857 3.890 0.010 -16.595 -2.099
17.029 2.701 -1.084 -28.110 3.892 0.010 -16.614 -2.117
17.056 2.687 -1.367 -28.360 3.894 0.010 -16.634 -2.136
17.082 2.671 -1.653 -28.607 3.896 0.010 -16.654 -2.154
17.109 2.651 -1.942 -28.850 3.898 0.010 -16.673 -2.172
17.135 2.629 -2.233 -29.089 3.900 0.010 -16.692 -2.190
17.161 2.604 -2.526 -29.322 3.901 0.010 -16.711 -2.208
17.187 2.575 -2.821 -29.551 3.903 0.010 -16.730 -2.226
17.212 2.544 -3.119 -29.773 3.905 0.010 -16.748 -2.243
17.237 2.510 -3.419 -29.989 3.906 0.010 -16.766 -2.261
17.262 2.473 -3.721 -30.198 3.908 0.010 -16.784 -2.278
17.287 2.432 -4.025 -30.400 3.909 0.010 -16.801 -2.295
17.310 2.390 -4.201 -17.595 3.910 0.010 -16.819 -2.311
17.334 2.348 -4.238 -3.725 3.912 0.010 -16.835 -2.328
17.357 2.305 -4.266 -2.760 3.913 0.010 -16.852 -2.344
17.380 2.262 -4.293 -2.712 3.914 0.010 -16.868 -2.359
17.402 2.219 -4.320 -2.665 3.915 0.010 -16.884 -2.375
17.424 2.176 -4.346 -2.619 3.916 0.010 -16.900 -2.390
17.445 2.132 -4.372 -2.572 3.917 0.010 -16.915 -2.405
17.466 2.088 -4.397 -2.526 3.918 0.010 -16.930 -2.420
17.486 2.044 -4.422 -2.481 3.919 0.010 -16.944 -2.434
17.506 1.999 -4.446 -2.435 3.919 0.010 -16.959 -2.448
17.526 1.955 -4.470 -2.390 3.920 0.010 -16.973 -2.462
17.545 1.910 -4.493 -2.344 3.921 0.010 -16.986 -2.475
17.563 1.865 -4.516 -2.299 3.921 0.010 -16.999 -2.488
17.582 1.819 -4.539 -2.253 3.922 0.010 -17.012 -2.501
17.599 1.774 -4.561 -2.207 3.922 0.010 -17.025 -2.514
17.617 1.728 -4.582 -2.161 3.923 0.010 -17.037 -2.526
17.633 1.682 -4.604 -2.115 3.923 0.010 -17.049 -2.538
17.650 1.636 -4.624 -2.068 3.924 0.010 -17.061 -2.549
17.666 1.589 -4.645 -2.021 3.924 0.010 -17.072 -2.560
17.681 1.542 -4.664 -1.973 3.924 0.010 -17.083 -2.571
17.696 1.496 -4.684 -1.925 3.925 0.010 -17.094 -2.582
17.711 1.449 -4.702 -1.876 3.925 0.010 -17.104 -2.592
17.725 1.401 -4.721 -1.826 3.925 0.010 -17.114 -2.602
17.738 1.354 -4.738 -1.776 3.925 0.010 -17.123 -2.611
17.751 1.306 -4.756 -1.725 3.926 0.010 -17.133 -2.621
17.764 1.259 -4.772 -1.673 3.926 0.010 -17.142 -2.630
17.776 1.211 -4.788 -1.620 3.926 0.010 -17.150 -2.638
17.788 1.163 -4.804 -1.567 3.926 0.010 -17.158 -2.646
17.799 1.115 -4.819 -1.512 3.926 0.010 -17.166 -2.654
17.809 1.066 -4.834 -1.457 3.926 0.010 -17.174 -2.662
17.820 1.018 -4.848 -1.400 3.926 0.010 -17.181 -2.669
17.829 0.969 -4.861 -1.343 3.927 0.010 -17.188 -2.676
17.838 0.920 -4.874 -1.285 3.927 0.010 -17.194 -2.682
17.847 0.872 -4.886 -1.226 3.927 0.010 -17.201 -2.688
17.855 0.823 -4.898 -1.166 3.927 0.010 -17.206 -2.694
17.863 0.774 -4.909 -1.105 3.927 0.010 -17.212 -2.700
17.870 0.724 -4.920 -1.043 3.927 0.010 -17.217 -2.705
17.877 0.675 -4.929 -0.981 3.927 0.010 -17.222 -2.710
17.883 0.626 -4.939 -0.917 3.927 0.010 -17.226 -2.714
17.889 0.576 -4.947 -0.853 3.927 0.010 -17.230 -2.718
17.894 0.527 -4.955 -0.788 3.927 0.010 -17.234 -2.722
17.899 0.477 -4.962 -0.723 3.927 0.010 -17.237 -2.725
17.903 0.427 -4.969 -0.656 3.927 0.010 -17.240 -2.728
17.907 0.379 -4.838 13.120 3.927 0.010 -17.243 -2.731
17.911 0.333 -4.559 27.890 3.927 0.010 -17.245 -2.733
17.913 0.291 -4.269 28.956 3.927 0.010 -17.247 -2.735
17.916 0.251 -3.979 29.040 3.927 0.010 -17.249 -2.737
17.918 0.214 -3.688 29.113 3.927 0.010 -17.251 -2.739
17.920 0.180 -3.396 29.176 3.927 0.010 -17.252 -2.740
17.921 0.149 -3.103 29.229 3.927 0.010 -17.253 -2.741
17.923 0.121 -2.811 29.274 3.927 0.010 -17.254 -2.742
17.924 0.096 -2.518 29.311 3.927 0.010 -17.255 -2.742
17.924 0.074 -2.224 29.341 3.927 0.010 -17.255 -2.743
17.925 0.054 -1.931 29.364 3.927 0.010 -17.255 -2.743
17.925 0.038 -1.637 29.381 3.927 0.010 -17.256 -2.744
17.925 0.024 -1.343 29.394 3.927 0.010 -17.256 -2.744
17.926 0.014 -1.049 29.402 3.927 0.010 -17.256 -2.744
17.926 0.006 -0.755 29.408 3.927 0.010 -17.256 -2.744
17.926 0.002 -0.461 29.410 3.927 0.010 -17.256 -2.744
17.926 0.000 -0.167 29.411 3.927 0.010 -17.256 -2.744
17.926 0.000 -0.010 15.679 3.927 0.010 -17.256 -2.744
0.000 0.003 0.294 29.412 3.142 0.010 -0.000 1.052
0.000 0.006 0.294 -0.000 3.142 0.010 -0.000 1.052
0.000 0.013 0.735 44.118 3.142 0.010 -0.000 1.052
0.000 0.024 1.029 29.412 3.142 0.010 -0.000 1.052
0.001 0.037 1.324 29.412 3.142 0.010 -0.001 1.052
0.001 0.053 1.618 29.412 3.142 0.010 -0.001 1.052
0.002 0.072 1.912 29.412 3.142 0.010 -0.002 1.052
0.003 0.094 2.206 29.412 3.142 0.010 -0.003 1.052
0.004 0.119 2.500 29.412 3.142 0.010 -0.004 1.052
0.006 0.147 2.794 29.412 3.142 0.010 -0.006 1.052
0.007 0.178 3.088 29.412 3.142 0.010 -0.007 1.052
0.010 0.212 3.382 29.412 3.142 0.010 -0.010 1.052
0.012 0.249 3.676 29.412 3.142 0.010 -0.012 1.052
0.015 0.288 3.971 29.412 3.142 0.010 -0.015 1.052
0.018 0.331 4.265 29.412 3.142 0.010 -0.018 1.052
0.022 0.376 4.559 29.412 3.142 0.010 -0.022 1.052
0.026 0.425 4.853 29.412 3.142 0.010 -0.026 1.052
0.031 0.475 5.000 14.706 3.142 0.010 -0.031 1.052
0.036 0.525 5.000 0.000 3.142 0.010 -0.036 1.052
0.042 0.575 5.000 -0.000 3.142 0.010 -0.042 1.052
0.048 0.625 5.000 -0.000 3.142 0.010 -0.048 1.052
0.055 0.675 5.000 -0.000 3.142 0.010 -0.055 1.052
0.062 0.725 5.000 0.000 3.142 0.010 -0.062 1.052
0.070 0.775 5.000 0.000 3.142 0.010 -0.070 1.052
0.078 0.825 5.000 -0.000 3.142 0.010 -0.078 1.052
0.087 0.875 5.000 0.000 3.142 0.010 -0.087 1.052
0.096 0.925 5.000 -0.000 3.142 0.010 -0.096 1.052
0.106 0.975 5.000 0.000 3.142 0.010 -0.106 1.052
0.116 1.025 5.000 0.000 3.142 0.010 -0.116 1.052
0.127 1.075 5.000 -0.000 3.142 0.010 -0.127 1.052
0.138 1.125 5.000 0.000 3.142 0.010 -0.138 1.052
0.150 1.175 5.000 -0.000 3.142 0.010 -0.150 1.052
0.162 1.225 5.000 0.000 3.142 0.010 -0.162 1.052
0.175 1.275 5.000 0.000 3.142 0.010 -0.175 1.052
0.188 1.325 5.000 -0.000 3.142 0.010 -0.188 1.052
0.202 1.375 5.000 0.000 3.142 0.010 -0.202 1.052
0.216 1.425 5.000 -0.000 3.142 0.010 -0.216 1.052
0.231 1.475 5.000 0.000 3.142 0.010 -0.231 1.052
0.246 1.525 5.000 0.000 3.142 0.010 -0.246 1.052
0.262 1.575 5.000 -0.000 3.142 0.010 -0.262 1.052
0.278 1.625 5.000 0.000 3.142 0.010 -0.278 1.052
0.295 1.675 5.000 0.000 3.142 0.010 -0.295 1.052
0.312 1.725 5.000 -0.000 3.142 0.010 -0.312 1.052
0.330 1.775 5.000 0.000 3.142 0.010 -0.330 1.052
0.348 1.825 5.000 -0.000 3.142 0.010 -0.348 1.052
0.367 1.875 5.000 0.000 3.142 0.010 -0.367 1.052
0.386 1.925 5.000 0.000 3.142 0.010 -0.386 1.052
0.406 1.975 5.000 0.000 3.142 0.010 -0.406 1.052
0.426 2.025 5.000 -0.000 3.142 0.010 -0.426 1.052
0.447 2.075 5.000 0.000 3.142 0.010 -0.447 1.052
0.468 2.125 5.000 -0.000 3.142 0.010 -0.468 1.052
0.490 2.175 5.000 0.000 3.142 0.010 -0.490 1.052
0.512 2.225 5.000 0.000 3.142 0.010 -0.512 1.052
0.535 2.275 5.000 -0.000 3.142 0.010 -0.535 1.052
0.558 2.325 5.000 -0.000 3.142 0.010 -0.558 1.052
0.582 2.375 5.000 -0.000 3.142 0.010 -0.582 1.052
0.606 2.425 5.000 0.000 3.142 0.010 -0.606 1.052
0.631 2.475 5.000 0.000 3.142 0.010 -0.631 1.052
0.656 2.525 5.000 -0.000 3.142 0.010 -0.656 1.052
0.682 2.575 5.000 0.000 3.142 0.010 -0.682 1.052
0.708 2.624 4.853 -14.706 3.142 0.010 -0.708 1.052
0.735 2.669 4.559 -29.412 3.142 0.010 -0.735 1.052
0.762 2.712 4.265 -29.412 3.142 0.010 -0.762 1.052
0.790 2.751 3.971 -29.412 3.142 0.010 -0.790 1.052
0.817 2.788 3.676 -29.412 3.142 0.010 -0.817 1.052
0.846 2.822 3.382 -29.412 3.142 0.010 -0.846 1.052
0.874 2.853 3.088 -29.412 3.142 0.010 -0.874 1.052
0.903 2.881 2.794 -29.412 3.142 0.010 -0.903 1.052
0.932 2.906 2.500 -29.412 3.142 0.010 -0.932 1.052
0.961 2.928 2.206 -29.412 3.142 0.010 -0.961 1.052
0.991 2.947 1.912 -29.412 3.142 0.010 -0.991 1.052
1.020 2.963 1.618 -29.412 3.142 0.010 -1.020 1.052
1.050 2.976 1.324 -29.412 3.142 0.010 -1.050 1.052
1.080 2.987 1.029 -29.412 3.142 0.010 -1.080 1.052
1.110 2.994 0.735 -29.412 3.142 0.010 -1.110 1.052
1.140 2.999 0.441 -29.412 3.142 0.010 -1.140 1.052
1.170 3.000 0.147 -29.412 3.142 0.010 -1.170 1.052
1.200 3.000 0.000 -14.706 3.142 0.010 -1.200 1.052
1.230 3.000 0.000 0.000 3.142 0.010 -1.230 1.052
1.260 3.000 0.000 0.000 3.142 0.010 -1.260 1.052
1.290 3.000 0.000 0.000 3.142 0.010 -1.290 1.052
1.320 3.000 0.000 0.000 3.142 0.010 -1.320 1.052
1.350 3.000 0.000 0.000 3.142 0.010 -1.350 1.052
1.380 3.000 -0.000 -0.000 3.142 0.010 -1.380 1.052
1.410 3.000 0.000 0.000 3.142 0.010 -1.410 1.052
1.440 3.000 0.000 -0.000 3.142 0.010 -1.440 1.052
1.470 3.000 0.000 0.000 3.142 0.010 -1.470 1.052
1.500 3.000 0.000 0.000 3.142 0.010 -1.500 1.052
1.530 3.000 0.000 0.000 3.142 0.010 -1.530 1.052
1.560 3.000 0.000 0.000 3.142 0.010 -1.560 1.052
1.590 3.000 0.000 0.000 3.142 0.010 -1.590 1.052
1.620 3.000 0.000 0.000 3.142 0.010 -1.620 1.052
1.650 3.000 -0.000 -0.000 3.142 0.010 -1.650 1.052
1.680 3.000 0.000 0.000 3.142 0.010 -1.680 1.052
1.710 3.000 0.000 -0.000 3.142 0.010 -1.710 1.052
1.740 3.000 0.000 0.000 3.142 0.010 -1.740 1.052
1.770 3.000 0.000 0.000 3.142 0.010 -1.770 1.052
1.800 3.000 0.000 0.000 3.142 0.010 -1.800 1.052
1.830 3.000 0.000 0.000 3.142 0.010 -1.830 1.052
1.860 3.000 0.000 0.000 3.142 0.010 -1.860 1.052
1.890 3.000 -0.000 -0.000 3.142 0.010 -1.890 1.052
1.920 3.000 0.000 0.000 3.142 0.010 -1.920 1.052
1.950 3.000 0.000 -0.000 3.142 0.010 -1.950 1.052
1.980 3.000 0.000 0.000 3.142 0.010 -1.980 1.052
2.010 3.000 -0.000 -0.000 3.142 0.010 -2.010 1.052
2.040 3.000 0.000 0.000 3.142 0.010 -2.040 1.052
2.070 3.000 -0.000 -0.000 3.142 0.010 -2.070 1.052
2.100 3.000 0.000 0.000 3.142 0.010 -2.100 1.052
2.130 3.000 -0.000 -0.000 3.142 0.010 -2.130 1.052
2.160 3.000 0.000 0.000 3.142 0.010 -2.160 1.052
2.190 3.000 -0.000 -0.000 3.142 0.010 -2.190 1.052
2.220 3.000 0.000 0.000 3.142 0.010 -2.220 1.052
2.250 3.000 -0.000 -0.000 3.142 0.010 -2.250 1.052
2.280 3.000 0.000 0.000 3.142 0.010 -2.280 1.052
2.310 3.000 0.000 0.000 3.142 0.010 -2.310 1.052
2.340 3.000 -0.000 -0.000 3.142 0.010 -2.340 1.052
2.370 3.000 0.000 0.000 3.142 0.010 -2.370 1.052
2.400 3.000 -0.000 -0.000 3.142 0.010 -2.400 1.052
2.430 3.000 0.000 0.000 3.142 0.010 -2.430 1.052
2.460 3.000 -0.000 -0.000 3.142 0.010 -2.460 1.052
2.490 3.000 0.000 0.000 3.142 0.010 -2.490 1.052
2.520 3.000 -0.000 -0.000 3.142 0.010 -2.520 1.052
2.550 3.000 0.000 0.000 3.142 0.010 -2.550 1.052
2.580 3.000 0.000 0.000 3.142 0.010 -2.580 1.052
2.610 3.000 -0.000 -0.000 3.142 0.010 -2.610 1.052
2.640 3.000 0.000 0.000 3.142 0.010 -2.640 1.052
2.670 3.000 -0.000 -0.000 3.142 0.010 -2.670 1.052
2.700 3.000 0.000 0.000 3.142 0.010 -2.700 1.052
2.730 3.000 -0.000 -0.000 3.142 0.010 -2.730 1.052
2.760 3.000 0.000 0.000 3.142 0.010 -2.760 1.052
2.790 3.000 0.000 0.000 3.142 0.010 -2.790 1.052
2.820 3.000 -0.000 -0.000 3.142 0.010 -2.820 1.052
2.850 3.000 0.000 0.000 3.142 0.010 -2.850 1.052
2.880 3.000 -0.000 -0.000 3.142 0.010 -2.880 1.052
2.910 3.000 0.000 0.000 3.142 0.010 -2.910 1.052
2.940 3.000 -0.000 -0.000 3.142 0.010 -2.940 1.052
2.970 3.000 0.000 0.000 3.142 0.010 -2.970 1.052
3.000 3.000 -0.000 -0.000 3.142 0.010 -3.000 1.052
3.030 3.000 0.000 0.000 3.142 0.010 -3.030 1.052
3.060 3.000 0.000 0.000 3.142 0.010 -3.060 1.052
3.090 3.000 -0.000 -0.000 3.142 0.010 -3.090 1.052
3.120 3.000 0.000 0.000 3.142 0.010 -3.120 1.052
3.150 3.000 -0.000 -0.000 3.142 0.010 -3.150 1.052
3.180 3.000 0.000 0.000 3.142 0.010 -3.180 1.052
3.210 3.000 -0.000 -0.000 3.142 0.010 -3.210 1.052
3.240 3.000 0.000 0.000 3.142 0.010 -3.240 1.052
3.270 3.000 -0.000 -0.000 3.142 0.010 -3.270 1.052
3.300 3.000 0.000 0.000 3.142 0.010 -3.300 1.052
3.330 3.000 0.000 0.000 3.142 0.010 -3.330 1.052
3.360 3.000 -0.000 -0.000 3.142 0.010 -3.360 1.052
3.390 3.000 0.000 0.000 3.142 0.010 -3.390 1.052
3.420 3.000 -0.000 -0.000 3.142 0.010 -3.420 1.052
3.450 3.000 0.000 0.000 3.142 0.010 -3.450 1.052
3.480 3.000 -0.000 -0.000 3.142 0.010 -3.480 1.052
3.510 3.000 0.000 0.000 3.142 0.010 -3.510 1.052
3.540 3.000 0.000 0.000 3.142 0.010 -3.540 1.052
3.570 3.000 -0.000 -0.000 3.142 0.010 -3.570 1.052
3.600 3.000 0.000 0.000 3.142 0.010 -3.600 1.052
3.630 3.000 -0.000 -0.000 3.142 0.010 -3.630 1.052
3.660 3.000 0.000 0.000 3.142 0.010 -3.660 1.052
3.690 3.000 -0.000 -0.000 3.142 0.010 -3.690 1.052
3.720 3.000 0.000 0.000 3.142 0.010 -3.720 1.052
3.750 3.000 -0.000 -0.000 3.142 0.010 -3.750 1.052
3.780 3.000 0.000 0.000 3.142 0.010 -3.780 1.052
3.810 3.000 0.000 0.000 3.142 0.010 -3.810 1.052
3.840 3.000 -0.000 -0.000 3.142 0.010 -3.840 1.052
3.870 3.000 0.000 0.000 3.142 0.010 -3.870 1.052
3.900 3.000 -0.000 -0.000 3.142 0.010 -3.900 1.052
3.930 3.000 0.000 0.000 3.142 0.010 -3.930 1.052
3.960 3.000 -0.000 -0.000 3.142 0.010 -3.960 1.052
3.990 3.000 0.000 0.000 3.142 0.010 -3.990 1.052
4.020 3.000 0.000 0.000 3.142 0.010 -4.020 1.052
4.050 3.000 0.000 -0.000 3.142 0.010 -4.050 1.052
4.080 3.000 0.000 -0.000 3.142 0.010 -4.080 1.052
4.110 3.000 0.000 0.000 3.142 0.010 -4.110 1.052
4.140 3.000 -0.000 -0.000 3.142 0.010 -4.140 1.052
4.170 3.000 0.000 0.000 3.142 0.010 -4.170 1.052
4.200 3.000 0.000 -0.000 3.142 0.010 -4.200 1.052
4.230 3.000 0.000 0.000 3.142 0.010 -4.230 1.052
4.260 3.000 -0.000 -0.000 3.142 0.010 -4.260 1.052
4.290 3.000 0.000 0.000 3.142 0.010 -4.290 1.052
4.320 3.000 0.000 -0.000 3.142 0.010 -4.320 1.052
4.350 3.000 -0.000 -0.000 3.142 0.010 -4.350 1.052
4.380 3.000 0.000 0.000 3.142 0.010 -4.380 1.052
4.410 3.000 0.000 -0.000 3.142 0.010 -4.410 1.052
4.440 3.000 0.000 0.000 3.142 0.010 -4.440 1.052
4.470 3.000 -0.000 -0.000 3.142 0.010 -4.470 1.052
4.500 3.000 0.000 0.000 3.142 0.010 -4.500 1.052
4.530 3.000 0.000 -0.000 3.142 0.010 -4.530 1.052
4.560 3.000 -0.000 -0.000 3.142 0.010 -4.560 1.052
4.590 3.000 0.000 0.000 3.142 0.010 -4.590 1.052
4.620 3.000 0.000 -0.000 3.142 0.010 -4.620 1.052
4.650 3.000 0.000 0.000 3.142 0.010 -4.650 1.052
4.680 3.000 0.000 0.000 3.142 0.010 -4.680 1.052
4.710 3.000 -0.000 -0.000 3.142 0.010 -4.710 1.052
4.740 3.000 0.000 0.000 3.142 0.010 -4.740 1.052
4.770 3.000 0.000 -0.000 3.142 0.010 -4.770 1.052
4.800 3.000 0.000 0.000 3.142 0.010 -4.800 1.052
4.830 3.000 -0.000 -0.000 3.142 0.010 -4.830 1.052
4.860 3.000 0.000 0.000 3.142 0.010 -4.860 1.052
4.890 3.000 0.000 -0.000 3.142 0.010 -4.890 1.052
4.920 3.000 -0.000 -0.000 3.142 0.010 -4.920 1.052
4.950 3.000 0.000 0.000 3.142 0.010 -4.950 1.052
4.980 3.000 0.000 -0.000 3.142 0.010 -4.980 1.052
5.010 3.000 0.000 0.000 3.142 0.010 -5.010 1.052
5.040 3.000 -0.000 -0.000 3.142 0.010 -5.040 1.052
5.070 3.000 0.000 0.000 3.142 0.010 -5.070 1.052
5.100 3.000 0.000 -0.000 3.142 0.010 -5.100 1.052
5.130 3.000 0.000 0.000 3.142 0.010 -5.130 1.052
5.160 3.000 -0.000 -0.000 3.142 0.010 -5.160 1.052
5.190 3.000 0.000 0.000 3.142 0.010 -5.190 1.052
5.220 3.000 0.000 -0.000 3.142 0.010 -5.220 1.052
5.250 3.000 -0.000 -0.000 3.142 0.010 -5.250 1.052
5.280 3.000 0.000 0.000 3.142 0.010 -5.280 1.052
5.310 3.000 0.000 -0.000 3.142 0.010 -5.310 1.052
5.340 3.000 0.000 0.000 3.142 0.010 -5.340 1.052
5.370 3.000 -0.000 -0.000 3.142 0.010 -5.370 1.052
5.400 3.000 0.000 0.000 3.142 0.010 -5.400 1.052
5.430 3.000 0.000 -0.000 3.142 0.010 -5.430 1.052
5.460 3.000 -0.000 -0.000 3.142 0.010 -5.460 1.052
5.490 3.000 0.000 0.000 3.142 0.010 -5.490 1.052
5.520 3.000 0.000 -0.000 3.142 0.010 -5.520 1.052
5.550 3.000 0.000 0.000 3.142 0.010 -5.550 1.052
5.580 3.000 -0.000 -0.000 3.142 0.010 -5.580 1.052
5.610 3.000 0.000 0.000 3.142 0.010 -5.610 1.052
5.640 3.000 0.000 -0.000 3.142 0.010 -5.640 1.052
5.670 3.000 -0.000 -0.000 3.142 0.010 -5.670 1.052
5.700 3.000 0.000 0.000 3.142 0.010 -5.700 1.052
5.730 3.000 0.000 -0.000 3.142 0.010 -5.730 1.052
5.760 3.000 0.000 0.000 3.142 0.010 -5.760 1.052
5.790 3.000 -0.000 -0.000 3.142 0.010 -5.790 1.052
5.820 3.000 0.000 0.000 3.142 0.010 -5.820 1.052
5.850 3.000 0.000 -0.000 3.142 0.010 -5.850 1.052
5.880 3.000 0.000 0.000 3.142 0.010 -5.880 1.052
5.910 3.000 -0.000 -0.000 3.142 0.010 -5.910 1.052
5.940 3.000 0.000 0.000 3.142 0.010 -5.940 1.052
5.970 3.000 0.000 -0.000 3.142 0.010 -5.970 1.052
6.000 3.000 -0.000 -0.000 3.142 0.010 -6.000 1.052
6.030 3.000 0.000 0.000 3.142 0.010 -6.030 1.052
6.060 3.000 0.000 -0.000 3.142 0.010 -6.060 1.052
6.090 3.000 0.000 0.000 3.142 0.010 -6.090 1.052
6.120 3.000 -0.000 -0.000 3.142 0.010 -6.120 1.052
6.150 3.000 0.000 0.000 3.142 0.010 -6.150 1.052
6.180 3.000 0.000 -0.000 3.142 0.010 -6.180 1.052
6.210 3.000 -0.000 -0.000 3.142 0.010 -6.210 1.052
6.240 3.000 0.000 0.000 3.142 0.010 -6.240 1.052
6.270 3.000 0.000 -0.000 3.142 0.010 -6.270 1.052
6.300 3.000 0.000 0.000 3.142 0.010 -6.300 1.052
6.330 3.000 -0.000 -0.000 3.142 0.010 -6.330 1.052
6.360 3.000 0.000 0.000 3.142 0.010 -6.360 1.052
6.390 3.000 0.000 -0.000 3.142 0.010 -6.390 1.052
6.420 3.000 -0.000 -0.000 3.142 0.010 -6.420 1.052
6.450 3.000 0.000 0.000 3.142 0.010 -6.450 1.052
6.480 3.000 0.000 -0.000 3.142 0.010 -6.480 1.052
6.510 3.000 0.000 0.000 3.142 0.010 -6.510 1.052
6.540 3.000 -0.000 -0.000 3.142 0.010 -6.540 1.052
6.570 3.000 0.000 0.000 3.142 0.010 -6.570 1.052
6.600 3.000 0.000 -0.000 3.142 0.010 -6.600 1.052
6.630 3.000 0.000 0.000 3.142 0.010 -6.630 1.052
6.660 3.000 -0.000 -0.000 3.142 0.010 -6.660 1.052
6.690 3.000 0.000 0.000 3.142 0.010 -6.690 1.052
6.720 3.000 0.000 -0.000 3.142 0.010 -6.720 1.052
6.750 3.000 -0.000 -0.000 3.142 0.010 -6.750 1.052
6.780 3.000 0.000 0.000 3.142 0.010 -6.780 1.052
6.810 3.000 0.000 -0.000 3.142 0.010 -6.810 1.052
6.840 3.000 0.000 0.000 3.142 0.010 -6.840 1.052
6.870 3.000 -0.000 -0.000 3.142 0.010 -6.870 1.052
6.900 3.000 0.000 0.000 3.142 0.010 -6.900 1.052
6.930 3.000 0.000 -0.000 3.142 0.010 -6.930 1.052
6.960 3.000 -0.000 -0.000 3.142 0.010 -6.960 1.052
6.990 3.000 0.000 0.000 3.142 0.010 -6.990 1.052
7.020 3.000 0.000 -0.000 3.142 0.010 -7.020 1.052
7.050 3.000 0.000 0.000 3.142 0.010 -7.050 1.052
7.080 3.000 -0.000 -0.000 3.142 0.010 -7.080 1.052
7.110 3.000 0.000 0.000 3.142 0.010 -7.110 1.052
7.140 3.000 0.000 -0.000 3.142 0.010 -7.140 1.052
7.170 3.000 -0.000 -0.000 3.142 0.010 -7.170 1.052
7.200 3.000 0.000 0.000 3.142 0.010 -7.200 1.052
7.230 3.000 0.000 -0.000 3.142 0.010 -7.230 1.052
7.260 3.000 0.000 0.000 3.142 0.010 -7.260 1.052
7.290 3.000 -0.000 -0.000 3.142 0.010 -7.290 1.052
7.320 3.000 0.000 0.000 3.142 0.010 -7.320 1.052
7.350 3.000 0.000 -0.000 3.142 0.010 -7.350 1.052
7.380 3.000 0.000 0.000 3.142 0.010 -7.380 1.052
7.410 3.000 -0.000 -0.000 3.142 0.010 -7.410 1.052
7.440 3.000 0.000 0.000 3.142 0.010 -7.440 1.052
7.470 3.000 0.000 -0.000 3.142 0.010 -7.470 1.052
7.500 3.000 -0.000 -0.000 3.142 0.010 -7.500 1.052
7.530 3.000 0.000 0.000 3.142 0.010 -7.530 1.052
7.560 3.000 0.000 -0.000 3.142 0.010 -7.560 1.052
7.590 3.000 0.000 0.000 3.142 0.010 -7.590 1.052
7.620 3.000 -0.000 -0.000 3.142 0.010 -7.620 1.052
7.650 3.000 0.000 0.000 3.142 0.010 -7.650 1.052
7.680 3.000 0.000 -0.000 3.142 0.010 -7.680 1.052
7.710 3.000 -0.000 -0.000 3.142 0.010 -7.710 1.052
7.740 3.000 0.000 0.000 3.142 0.010 -7.740 1.052
7.770 3.000 0.000 -0.000 3.142 0.010 -7.770 1.052
7.800 3.000 0.000 0.000 3.142 0.010 -7.800 1.052
7.830 3.000 -0.000 -0.000 3.142 0.010 -7.830 1.052
7.860 3.000 0.000 0.000 3.142 0.010 -7.860 1.052
7.890 3.000 0.000 -0.000 3.142 0.010 -7.890 1.052
7.920 3.000 -0.000 -0.000 3.142 0.010 -7.920 1.052
7.950 3.000 0.000 0.000 3.142 0.010 -7.950 1.052
7.980 3.000 0.000 -0.000 3.142 0.010 -7.980 1.052
8.010 3.000 -0.041 -4.104 3.142 0.010 -8.010 1.052
8.040 2.994 -0.569 -52.826 3.142 0.010 -8.040 1.052
8.070 2.987 -0.717 -14.764 3.141 0.010 -8.070 1.052
8.100 2.980 -0.699 1.783 3.141 0.010 -8.100 1.052
8.129 2.973 -0.681 1.780 3.141 0.010 -8.129 1.052
8.159 2.966 -0.664 1.776 3.141 0.010 -8.159 1.052
8.189 2.960 -0.646 1.771 3.140 0.010 -8.189 1.052
8.218 2.954 -0.628 1.766 3.140 0.010 -8.218 1.052
8.248 2.947 -0.611 1.759 3.139 0.010 -8.248 1.052
8.277 2.942 -0.593 1.753 3.139 0.010 -8.277 1.052
8.306 2.936 -0.576 1.745 3.138 0.010 -8.306 1.052
8.336 2.930 -0.558 1.737 3.137 0.010 -8.336 1.053
8.365 2.925 -0.541 1.729 3.137 0.010 -8.365 1.053
8.394 2.920 -0.524 1.720 3.136 0.010 -8.394 1.053
8.423 2.914 -0.507 1.710 3.135 0.010 -8.423 1.053
8.452 2.910 -0.490 1.700 3.134 0.010 -8.452 1.053
8.481 2.905 -0.473 1.690 3.133 0.010 -8.481 1.053
8.510 2.900 -0.456 1.679 3.132 0.010 -8.510 1.054
8.539 2.896 -0.439 1.667 3.131 0.010 -8.539 1.054
8.568 2.892 -0.423 1.655 3.130 0.010 -8.568 1.054
8.597 2.888 -0.406 1.643 3.129 0.010 -8.597 1.055
8.626 2.884 -0.390 1.630 3.128 0.010 -8.626 1.055
8.655 2.880 -0.374 1.617 3.127 0.010 -8.655 1.055
8.684 2.876 -0.358 1.604 3.126 0.010 -8.684 1.056
8.712 2.873 -0.342 1.590 3.125 0.010 -8.712 1.056
8.741 2.870 -0.326 1.576 3.124 0.010 -8.741 1.057
8.770 2.867 -0.311 1.562 3.122 0.010 -8.770 1.057
8.798 2.864 -0.295 1.547 3.121 0.010 -8.798 1.058
8.827 2.861 -0.280 1.532 3.120 0.010 -8.827 1.058
8.855 2.858 -0.265 1.517 3.118 0.010 -8.855 1.059
8.884 2.856 -0.250 1.501 3.117 0.010 -8.884 1.060
8.913 2.853 -0.235 1.485 3.116 0.010 -8.913 1.061
8.941 2.851 -0.220 1.469 3.114 0.010 -8.941 1.061
8.970 2.849 -0.205 1.453 3.113 0.010 -8.969 1.062
8.998 2.847 -0.191 1.437 3.111 0.010 -8.998 1.063
9.026 2.845 -0.177 1.420 3.110 0.010 -9.026 1.064
9.055 2.844 -0.163 1.403 3.108 0.010 -9.055 1.065
9.083 2.842 -0.149 1.386 3.107 0.010 -9.083 1.066
9.112 2.841 -0.135 1.369 3.105 0.010 -9.112 1.067
9.140 2.840 -0.122 1.352 3.104 0.010 -9.140 1.068
9.169 2.839 -0.108 1.335 3.102 0.010 -9.168 1.069
9.197 2.838 -0.095 1.317 3.101 0.010 -9.197 1.070
9.225 2.837 -0.082 1.300 3.099 0.010 -9.225 1.071
9.254 2.836 -0.069 1.282 3.098 0.010 -9.253 1.072
9.282 2.836 -0.057 1.264 3.096 0.010 -9.282 1.074
9.310 2.835 -0.044 1.246 3.094 0.010 -9.310 1.075
9.339 2.835 -0.032 1.228 3.093 0.010 -9.338 1.076
9.367 2.835 -0.020 1.211 3.091 0.010 -9.367 1.078
9.395 2.835 -0.008 1.193 3.090 0.010 -9.395 1.079
9.424 2.835 0.004 1.175 3.088 0.010 -9.423 1.081
9.452 2.835 0.015 1.157 3.087 0.010 -9.452 1.082
9.480 2.835 0.027 1.139 3.085 0.010 -9.480 1.084
9.509 2.835 0.038 1.121 3.083 0.010 -9.508 1.085
9.537 2.836 0.049 1.103 3.082 0.010 -9.536 1.087
9.566 2.836 0.060 1.086 3.080 0.010 -9.565 1.089
9.594 2.837 0.070 1.068 3.079 0.010 -9.593 1.091
9.622 2.838 0.081 1.050 3.077 0.010 -9.621 1.092
9.651 2.839 0.091 1.033 3.076 0.010 -9.650 1.094
9.679 2.840 0.101 1.016 3.074 0.010 -9.678 1.096
9.707 2.841 0.111 0.998 3.073 0.010 -9.706 1.098
9.736 2.842 0.121 0.981 3.071 0.010 -9.735 1.100
9.764 2.844 0.131 0.964 3.070 0.010 -9.763 1.102
9.793 2.845 0.140 0.947 3.068 0.010 -9.792 1.104
9.821 2.846 0.150 0.931 3.067 0.010 -9.820 1.106
9.850 2.848 0.159 0.914 3.065 0.010 -9.848 1.108
9.878 2.850 0.168 0.898 3.064 0.010 -9.877 1.111
9.907 2.851 0.177 0.882 3.062 0.010 -9.905 1.113
9.935 2.853 0.185 0.866 3.061 0.010 -9.934 1.115
9.964 2.855 0.194 0.851 3.060 0.010 -9.962 1.117
9.992 2.857 0.202 0.835 3.058 0.010 -9.991 1.120
10.021 2.859 0.210 0.820 3.057 0.010 -10.019 1.122
10.050 2.862 0.218 0.805 3.056 0.010 -10.048 1.125
10.078 2.864 0.226 0.790 3.054 0.010 -10.076 1.127
10.107 2.866 0.234 0.776 3.053 0.010 -10.105 1.130
10.136 2.869 0.242 0.762 3.052 0.010 -10.133 1.132
10.164 2.871 0.249 0.748 3.051 0.010 -10.162 1.135
10.193 2.874 0.256 0.734 3.049 0.010 -10.190 1.137
10.222 2.876 0.264 0.721 3.048 0.010 -10.219 1.140
10.251 2.879 0.271 0.708 3.047 0.010 -10.248 1.143
10.279 2.882 0.278 0.695 3.046 0.010 -10.276 1.145
10.308 2.885 0.285 0.682 3.045 0.010 -10.305 1.148
10.337 2.888 0.291 0.670 3.044 0.010 -10.334 1.151
10.366 2.891 0.298 0.658 3.043 0.010 -10.363 1.154
10.395 2.894 0.304 0.647 3.042 0.010 -10.391 1.157
10.424 2.897 0.311 0.635 3.041 0.010 -10.420 1.160
10.453 2.900 0.317 0.624 3.040 0.010 -10.449 1.163
10.482 2.903 0.323 0.613 3.039 0.010 -10.478 1.166
10.511 2.906 0.329 0.603 3.038 0.010 -10.507 1.169
10.540 2.910 0.335 0.593 3.037 0.010 -10.536 1.172
10.569 2.913 0.341 0.583 3.036 0.010 -10.565 1.175
10.598 2.917 0.347 0.573 3.036 0.010 -10.594 1.178
10.628 2.920 0.352 0.564 3.035 0.010 -10.623 1.181
10.657 2.924 0.358 0.555 3.034 0.010 -10.652 1.184
10.686 2.927 0.363 0.546 3.033 0.010 -10.681 1.187
10.715 2.931 0.369 0.538 3.033 0.010 -10.710 1.190
10.745 2.935 0.374 0.530 3.032 0.010 -10.739 1.193
10.774 2.939 0.379 0.522 3.032 0.010 -10.769 1.197
10.804 2.942 0.384 0.515 3.031 0.010 -10.798 1.200
10.833 2.946 0.389 0.507 3.030 0.010 -10.827 1.203
10.863 2.950 0.394 0.501 3.030 0.010 -10.856 1.206
10.892 2.954 0.399 0.494 3.030 0.010 -10.886 1.210
10.922 2.958 0.404 0.488 3.029 0.010 -10.915 1.213
10.951 2.962 0.409 0.481 3.029 0.010 -10.945 1.216
10.981 2.966 0.414 0.476 3.028 0.010 -10.974 1.220
11.011 2.971 0.418 0.470 3.028 0.010 -11.004 1.223
11.040 2.975 0.423 0.465 3.028 0.010 -11.033 1.226
11.070 2.979 0.428 0.460 3.028 0.010 -11.063 1.230
11.100 2.983 0.432 0.455 3.028 0.010 -11.092 1.233
11.130 2.988 0.437 0.450 3.027 0.010 -11.122 1.237
11.160 2.992 0.441 0.446 3.027 0.010 -11.152 1.240
11.190 2.997 0.446 0.442 3.027 0.010 -11.182 1.243
11.220 3.001 0.450 0.438 3.027 0.010 -11.211 1.247
11.250 3.006 0.454 0.434 3.027 0.010 -11.241 1.250
11.280 3.010 0.459 0.431 3.028 0.010 -11.271 1.254
11.310 3.015 0.463 0.428 3.028 0.010 -11.301 1.257
11.340 3.020 0.467 0.425 3.028 0.010 -11.331 1.261
11.371 3.024 0.471 0.422 3.028 0.010 -11.361 1.264
11.401 3.029 0.476 0.419 3.028 0.010 -11.391 1.267
11.431 3.034 0.480 0.416 3.029 0.010 -11.421 1.271
11.462 3.039 0.484 0.414 3.029 0.010 -11.452 1.274
11.492 3.044 0.488 0.412 3.029 0.010 -11.482 1.278
11.523 3.049 0.492 0.410 3.030 0.010 -11.512 1.281
11.553 3.054 0.496 0.408 3.030 0.010 -11.542 1.285
11.584 3.059 0.500 0.406 3.031 0.010 -11.573 1.288
11.614 3.064 0.504 0.404 3.032 0.010 -11.603 1.291
11.645 3.069 0.508 0.403 3.032 0.010 -11.634 1.295
11.676 3.074 0.512 0.401 3.033 0.010 -11.664 1.298
11.707 3.079 0.516 0.400 3.034 0.010 -11.695 1.301
11.737 3.084 0.520 0.398 3.035 0.010 -11.726 1.305
11.768 3.089 0.524 0.397 3.035 0.010 -11.756 1.308
11.799 3.095 0.528 0.396 3.036 0.010 -11.787 1.311
11.830 3.100 0.532 0.394 3.037 0.010 -11.818 1.314
11.861 3.105 0.536 0.393 3.038 0.010 -11.849 1.318
11.892 3.111 0.540 0.392 3.039 0.010 -11.880 1.321
11.924 3.116 0.544 0.391 3.040 0.010 -11.911 1.324
11.955 3.122 0.548 0.390 3.042 0.010 -11.942 1.327
11.986 3.127 0.552 0.388 3.043 0.010 -11.973 1.330
12.017 3.133 0.556 0.387 3.044 0.010 -12.004 1.333
12.049 3.138 0.559 0.386 3.045 0.010 -12.035 1.336
12.080 3.144 0.563 0.384 3.047 0.010 -12.067 1.339
12.112 3.150 0.567 0.382 3.048 0.010 -12.098 1.342
12.143 3.155 0.571 0.381 3.050 0.010 -12.129 1.345
12.175 3.161 0.575 0.379 3.051 0.010 -12.161 1.348
12.206 3.167 0.578 0.377 3.053 0.010 -12.192 1.351
12.238 3.173 0.582 0.375 3.054 0.010 -12.224 1.354
12.270 3.179 0.586 0.373 3.056 0.010 -12.256 1.356
12.302 3.184 0.590 0.370 3.058 0.010 -12.287 1.359
12.334 3.190 0.593 0.367 3.060 0.010 -12.319 1.362
12.366 3.196 0.597 0.364 3.061 0.010 -12.351 1.364
12.398 3.202 0.601 0.361 3.063 0.010 -12.383 1.367
12.430 3.208 0.604 0.358 3.065 0.010 -12.415 1.369
12.462 3.214 0.608 0.354 3.067 0.010 -12.447 1.372
12.494 3.221 0.611 0.350 3.070 0.010 -12.479 1.374
12.526 3.227 0.615 0.345 3.072 0.010 -12.511 1.376
12.559 3.233 0.618 0.340 3.074 0.010 -12.544 1.379
12.591 3.239 0.621 0.335 3.076 0.010 -12.576 1.381
12.624 3.245 0.625 0.329 3.078 0.010 -12.608 1.383
12.656 3.252 0.628 0.323 3.081 0.010 -12.641 1.385
12.689 3.258 0.631 0.317 3.083 0.010 -12.673 1.387
12.721 3.264 0.634 0.309 3.086 0.010 -12.706 1.389
12.754 3.271 0.637 0.302 3.088 0.010 -12.739 1.391
12.787 3.277 0.640 0.294 3.091 0.010 -12.771 1.392
12.820 3.283 0.643 0.285 3.094 0.010 -12.804 1.394
12.853 3.290 0.646 0.276 3.096 0.010 -12.837 1.395
12.886 3.296 0.648 0.266 3.099 0.010 -12.870 1.397
12.919 3.303 0.651 0.256 3.102 0.010 -12.903 1.398
12.952 3.309 0.653 0.244 3.105 0.010 -12.936 1.399
12.985 3.316 0.656 0.233 3.108 0.010 -12.969 1.401
13.018 3.323 0.658 0.220 3.111 0.010 -13.002 1.402
13.051 3.329 0.660 0.207 3.114 0.010 -13.036 1.403
13.085 3.336 0.662 0.193 3.118 0.010 -13.069 1.403
13.118 3.342 0.664 0.178 3.121 0.010 -13.102 1.404
13.152 3.349 0.665 0.162 3.124 0.010 -13.136 1.405
13.185 3.356 0.667 0.146 3.127 0.010 -13.169 1.405
13.219 3.362 0.668 0.129 3.131 0.010 -13.203 1.406
13.252 3.369 0.669 0.110 3.134 0.010 -13.237 1.406
13.286 3.376 0.670 0.091 3.138 0.010 -13.270 1.406
13.320 3.383 0.671 0.071 3.142 0.010 -13.304 1.406
13.354 3.389 0.671 0.051 3.145 0.010 -13.338 1.406
13.388 3.396 0.672 0.029 3.149 0.010 -13.372 1.406
13.422 3.403 0.672 0.006 3.153 0.010 -13.406 1.406
13.456 3.409 0.671 -0.018 3.157 0.010 -13.440 1.405
13.490 3.416 0.671 -0.043 3.161 0.010 -13.474 1.405
13.524 3.423 0.670 -0.068 3.165 0.010 -13.509 1.404
13.559 3.430 0.669 -0.095 3.169 0.010 -13.543 1.403
13.593 3.436 0.668 -0.123 3.173 0.010 -13.577 1.402
13.627 3.443 0.667 -0.152 3.177 0.010 -13.612 1.401
13.662 3.450 0.665 -0.182 3.181 0.010 -13.646 1.400
13.697 3.456 0.663 -0.212 3.186 0.010 -13.681 1.398
13.731 3.463 0.660 -0.244 3.190 0.010 -13.715 1.397
13.766 3.469 0.657 -0.277 3.195 0.010 -13.750 1.395
13.801 3.476 0.654 -0.311 3.199 0.010 -13.785 1.393
13.835 3.482 0.651 -0.346 3.204 0.010 -13.819 1.391
13.870 3.489 0.647 -0.382 3.208 0.010 -13.854 1.389
13.905 3.495 0.643 -0.418 3.213 0.010 -13.889 1.386
13.940 3.502 0.638 -0.456 3.218 0.010 -13.924 1.384
13.975 3.508 0.633 -0.494 3.223 0.010 -13.959 1.381
14.011 3.514 0.628 -0.534 3.228 0.010 -13.994 1.378
14.046 3.520 0.622 -0.574 3.233 0.010 -14.029 1.375
14.081 3.527 0.616 -0.615 3.238 0.010 -14.064 1.371
14.116 3.533 0.610 -0.656 3.243 0.010 -14.099 1.368
14.152 3.539 0.603 -0.699 3.248 0.010 -14.134 1.364
14.187 3.545 0.595 -0.742 3.253 0.010 -14.170 1.360
14.223 3.551 0.587 -0.785 3.258 0.010 -14.205 1.356
14.258 3.556 0.579 -0.829 3.263 0.010 -14.240 1.352
14.294 3.562 0.570 -0.873 3.269 0.010 -14.276 1.348
14.330 3.568 0.561 -0.918 3.274 0.010 -14.311 1.343
14.365 3.573 0.552 -0.963 3.280 0.010 -14.346 1.338
14.401 3.579 0.541 -1.008 3.285 0.010 -14.382 1.333
14.437 3.584 0.531 -1.054 3.291 0.010 -14.417 1.328
14.473 3.589 0.520 -1.099 3.296 0.010 -14.453 1.323
14.509 3.594 0.508 -1.144 3.302 0.010 -14.488 1.317
14.545 3.599 0.497 -1.190 3.308 0.010 -14.524 1.311
14.581 3.604 0.484 -1.235 3.313 0.010 -14.559 1.305
14.617 3.609 0.471 -1.279 3.319 0.010 -14.595 1.299
14.653 3.613 0.458 -1.323 3.325 0.010 -14.630 1.292
14.689 3.618 0.445 -1.367 3.331 0.010 -14.666 1.286
14.725 3.622 0.430 -1.409 3.337 0.010 -14.702 1.279
14.762 3.626 0.416 -1.451 3.343 0.010 -14.737 1.272
14.798 3.630 0.401 -1.493 3.349 0.010 -14.773 1.264
14.834 3.634 0.386 -1.533 3.355 0.010 -14.808 1.257
14.871 3.638 0.370 -1.572 3.361 0.010 -14.844 1.249
14.907 3.641 0.354 -1.610 3.367 0.010 -14.879 1.241
14.944 3.645 0.337 -1.646 3.373 0.010 -14.915 1.233
14.980 3.648 0.321 -1.681 3.379 0.010 -14.950 1.224
15.017 3.651 0.303 -1.715 3.385 0.010 -14.986 1.215
15.053 3.654 0.286 -1.747 3.392 0.010 -15.021 1.206
15.090 3.656 0.268 -1.777 3.398 0.010 -15.056 1.197
15.126 3.659 0.250 -1.806 3.404 0.010 -15.092 1.188
15.163 3.661 0.232 -1.832 3.410 0.010 -15.127 1.178
15.199 3.663 0.213 -1.857 3.417 0.010 -15.162 1.168
15.236 3.665 0.194 -1.880 3.423 0.010 -15.198 1.158
15.273 3.667 0.175 -1.900 3.429 0.010 -15.233 1.148
15.309 3.669 0.156 -1.918 3.436 0.010 -15.268 1.138
15.346 3.670 0.137 -1.935 3.442 0.010 -15.303 1.127
15.383 3.671 0.117 -1.948 3.448 0.010 -15.338 1.116
15.420 3.672 0.098 -1.960 3.455 0.010 -15.373 1.105
15.456 3.673 0.078 -1.969 3.461 0.010 -15.408 1.093
15.493 3.674 0.058 -1.976 3.468 0.010 -15.443 1.082
15.530 3.674 0.039 -1.980 3.474 0.010 -15.478 1.070
15.567 3.674 0.019 -1.982 3.480 0.010 -15.512 1.058
15.603 3.674 -0.001 -1.982 3.487 0.010 -15.547 1.045
15.640 3.674 -0.021 -1.979 3.493 0.010 -15.581 1.033
15.677 3.674 -0.041 -1.974 3.500 0.010 -15.616 1.020
15.713 3.673 -0.060 -1.966 3.506 0.010 -15.650 1.007
15.750 3.672 -0.080 -1.956 3.512 0.010 -15.685 0.994
15.787 3.671 -0.099 -1.944 3.519 0.010 -15.719 0.980
15.824 3.670 -0.119 -1.929 3.525 0.010 -15.753 0.967
15.860 3.669 -0.138 -1.913 3.532 0.010 -15.787 0.953
15.897 3.667 -0.157 -1.894 3.538 0.010 -15.821 0.939
15.934 3.665 -0.175 -1.873 3.544 0.010 -15.854 0.925
15.970 3.663 -0.194 -1.850 3.551 0.010 -15.888 0.910
16.007 3.661 -0.212 -1.825 3.557 0.010 -15.922 0.895
16.043 3.659 -0.230 -1.799 3.563 0.010 -15.955 0.881
16.080 3.656 -0.248 -1.770 3.569 0.010 -15.988 0.865
16.117 3.654 -0.265 -1.740 3.576 0.010 -16.022 0.850
16.153 3.651 -0.282 -1.709 3.582 0.010 -16.055 0.835
16.190 3.648 -0.299 -1.676 3.588 0.010 -16.088 0.819
16.226 3.645 -0.315 -1.641 3.594 0.010 -16.120 0.803
16.262 3.641 -0.332 -1.606 3.600 0.010 -16.153 0.787
16.299 3.638 -0.347 -1.569 3.606 0.010 -16.186 0.771
16.335 3.634 -0.363 -1.531 3.612 0.010 -16.218 0.755
16.371 3.631 -0.377 -1.492 3.618 0.010 -16.250 0.738
16.408 3.627 -0.392 -1.453 3.624 0.010 -16.283 0.721
16.444 3.623 -0.406 -1.413 3.630 0.010 -16.315 0.704
16.480 3.618 -0.420 -1.372 3.636 0.010 -16.347 0.687
16.516 3.614 -0.433 -1.331 3.642 0.010 -16.378 0.670
16.552 3.610 -0.446 -1.289 3.648 0.010 -16.410 0.653
16.588 3.605 -0.458 -1.247 3.653 0.010 -16.441 0.635
16.624 3.600 -0.471 -1.205 3.659 0.010 -16.473 0.617
16.660 3.596 -0.482 -1.163 3.665 0.010 -16.504 0.600
16.696 3.591 -0.493 -1.120 3.670 0.010 -16.535 0.582
16.732 3.586 -0.504 -1.078 3.676 0.010 -16.566 0.563
16.768 3.580 -0.515 -1.036 3.681 0.010 -16.597 0.545
16.804 3.575 -0.524 -0.994 3.687 0.010 -16.627 0.527
16.839 3.570 -0.534 -0.954 3.692 0.010 -16.658 0.508
16.875 3.564 -0.543 -0.912 3.698 0.010 -16.688 0.489
16.911 3.559 -0.552 -0.872 3.703 0.010 -16.718 0.470
16.946 3.553 -0.560 -0.832 3.708 0.010 -16.748 0.451
16.982 3.548 -0.568 -0.794 3.713 0.010 -16.778 0.432
17.017 3.542 -0.576 -0.755 3.719 0.010 -16.808 0.413
17.052 3.536 -0.583 -0.717 3.724 0.010 -16.838 0.394
17.088 3.530 -0.590 -0.680 3.729 0.010 -16.867 0.374
17.123 3.524 -0.596 -0.645 3.734 0.010 -16.896 0.355
17.158 3.518 -0.602 -0.609 3.739 0.010 -16.925 0.335
17.193 3.512 -0.608 -0.576 3.744 0.010 -16.954 0.315
17.228 3.506 -0.613 -0.542 3.748 0.010 -16.983 0.295
17.263 3.500 -0.618 -0.510 3.753 0.010 -17.012 0.275
17.298 3.494 -0.623 -0.479 3.758 0.010 -17.041 0.255
17.333 3.487 -0.628 -0.449 3.762 0.010 -17.069 0.235
17.368 3.481 -0.632 -0.420 3.767 0.010 -17.097 0.215
17.403 3.475 -0.636 -0.393 3.771 0.010 -17.125 0.194
17.437 3.468 -0.640 -0.366 3.776 0.010 -17.153 0.174
17.472 3.462 -0.643 -0.341 3.780 0.010 -17.181 0.153
17.507 3.455 -0.646 -0.316 3.785 0.010 -17.209 0.132
17.541 3.449 -0.649 -0.293 3.789 0.010 -17.236 0.112
17.575 3.442 -0.652 -0.270 3.793 0.010 -17.264 0.091
17.610 3.436 -0.654 -0.250 3.797 0.010 -17.291 0.070
17.644 3.429 -0.657 -0.230 3.801 0.010 -17.318 0.049
17.678 3.423 -0.659 -0.211 3.805 0.010 -17.345 0.028
17.712 3.416 -0.661 -0.194 3.809 0.010 -17.372 0.007
17.747 3.409 -0.662 -0.178 3.813 0.010 -17.399 -0.014
17.781 3.403 -0.664 -0.163 3.817 0.010 -17.425 -0.036
17.815 3.396 -0.665 -0.149 3.821 0.010 -17.452 -0.057
17.848 3.389 -0.667 -0.136 3.824 0.010 -17.478 -0.078
17.882 3.383 -0.668 -0.124 3.828 0.010 -17.504 -0.100
17.916 3.376 -0.669 -0.113 3.832 0.010 -17.530 -0.121
17.950 3.369 -0.670 -0.104 3.835 0.010 -17.556 -0.142
17.983 3.363 -0.671 -0.096 3.839 0.010 -17.582 -0.164
18.017 3.356 -0.672 -0.088 3.842 0.010 -17.608 -0.186
18.050 3.349 -0.673 -0.082 3.845 0.010 -17.634 -0.207
18.084 3.342 -0.674 -0.077 3.849 0.010 -17.659 -0.229
18.117 3.336 -0.674 -0.072 3.852 0.010 -17.684 -0.251
18.150 3.329 -0.675 -0.069 3.855 0.010 -17.710 -0.272
18.184 3.322 -0.676 -0.067 3.858 0.010 -17.735 -0.294
18.217 3.315 -0.676 -0.065 3.861 0.010 -17.760 -0.316
18.250 3.309 -0.677 -0.065 3.864 0.010 -17.784 -0.338
18.283 3.302 -0.678 -0.066 3.867 0.010 -17.809 -0.360
18.316 3.295 -0.678 -0.068 3.870 0.010 -17.834 -0.382
18.349 3.288 -0.679 -0.070 3.872 0.010 -17.858 -0.403
18.382 3.281 -0.680 -0.074 3.875 0.010 -17.883 -0.425
18.414 3.273 -0.830 -15.053 3.878 0.010 -17.907 -0.447
18.447 3.262 -1.140 -30.937 3.880 0.010 -17.931 -0.469
18.479 3.247 -1.457 -31.740 3.883 0.010 -17.955 -0.491
18.512 3.229 -1.772 -31.481 3.885 0.010 -17.979 -0.513
18.544 3.209 -2.084 -31.223 3.887 0.010 -18.003 -0.535
18.576 3.185 -2.394 -30.967 3.890 0.010 -18.026 -0.556
18.607 3.158 -2.701 -30.713 3.892 0.010 -18.049 -0.578
18.638 3.128 -3.006 -30.463 3.894 0.010 -18.072 -0.599
18.669 3.095 -3.308 -30.216 3.896 0.010 -18.094 -0.620
18.700 3.058 -3.608 -29.973 3.898 0.010 -18.117 -0.641
18.730 3.019 -3.905 -29.735 3.900 0.010 -18.139 -0.662
18.760 2.977 -4.200 -29.501 3.901 0.010 -18.160 -0.683
18.789 2.932 -4.493 -29.273 3.903 0.010 -18.182 -0.703
18.818 2.885 -4.783 -29.051 3.905 0.010 -18.202 -0.723
18.847 2.834 -5.071 -28.835 3.906 0.010 -18.223 -0.742
18.874 2.780 -5.358 -28.625 3.908 0.010 -18.243 -0.762
18.902 2.724 -5.642 -28.424 3.909 0.010 -18.262 -0.780
18.928 2.666 -5.780 -13.762 3.910 0.010 -18.282 -0.799
18.954 2.609 -5.762 1.779 3.912 0.010 -18.300 -0.817
18.980 2.551 -5.734 2.760 3.913 0.010 -18.319 -0.835
19.005 2.494 -5.707 2.712 3.914 0.010 -18.337 -0.852
19.029 2.437 -5.680 2.665 3.915 0.010 -18.354 -0.869
19.053 2.381 -5.654 2.619 3.916 0.010 -18.371 -0.886
19.076 2.324 -5.628 2.572 3.917 0.010 -18.388 -0.902
19.099 2.268 -5.603 2.526 3.918 0.010 -18.404 -0.918
19.121 2.213 -5.578 2.481 3.919 0.010 -18.420 -0.934
19.143 2.157 -5.554 2.435 3.919 0.010 -18.435 -0.949
19.164 2.102 -5.530 2.390 3.920 0.010 -18.450 -0.964
19.184 2.047 -5.507 2.344 3.921 0.010 -18.465 -0.978
19.204 1.992 -5.484 2.299 3.921 0.010 -18.479 -0.992
19.223 1.937 -5.461 2.253 3.922 0.010 -18.493 -1.006
19.242 1.883 -5.439 2.207 3.922 0.010 -18.506 -1.019
19.260 1.829 -5.418 2.161 3.923 0.010 -18.519 -1.032
19.278 1.775 -5.396 2.115 3.923 0.010 -18.531 -1.044
19.295 1.721 -5.376 2.068 3.924 0.010 -18.544 -1.056
19.312 1.667 -5.355 2.021 3.924 0.010 -18.556 -1.068
19.328 1.614 -5.336 1.973 3.924 0.010 -18.567 -1.079
19.344 1.561 -5.316 1.925 3.925 0.010 -18.578 -1.090
19.359 1.508 -5.298 1.876 3.925 0.010 -18.589 -1.101
19.373 1.455 -5.279 1.826 3.925 0.010 -18.599 -1.111
19.387 1.403 -5.262 1.776 3.925 0.010 -18.609 -1.121
19.401 1.350 -5.244 1.725 3.926 0.010 -18.619 -1.131
19.414 1.298 -5.228 1.673 3.926 0.010 -18.628 -1.140
19.426 1.246 -5.212 1.620 3.926 0.010 -18.637 -1.149
19.438 1.194 -5.196 1.567 3.926 0.010 -18.645 -1.157
19.450 1.142 -5.181 1.512 3.926 0.010 -18.653 -1.165
19.461 1.090 -5.166 1.457 3.926 0.010 -18.661 -1.173
19.471 1.039 -5.152 1.400 3.926 0.010 -18.668 -1.180
19.481 0.987 -5.139 1.343 3.927 0.010 -18.675 -1.187
19.490 0.936 -5.126 1.285 3.927 0.010 -18.682 -1.194
19.499 0.885 -5.114 1.226 3.927 0.010 -18.688 -1.200
19.508 0.834 -5.102 1.166 3.927 0.010 -18.694 -1.206
19.515 0.783 -5.091 1.105 3.927 0.010 -18.699 -1.212
19.523 0.732 -5.080 1.043 3.927 0.010 -18.705 -1.217
19.529 0.682 -5.071 0.981 3.927 0.010 -18.709 -1.222
19.536 0.631 -5.061 0.917 3.927 0.010 -18.714 -1.226
19.542 0.580 -5.053 0.853 3.927 0.010 -18.718 -1.230
19.547 0.530 -5.045 0.788 3.927 0.010 -18.722 -1.234
19.552 0.480 -5.038 0.723 3.927 0.010 -18.725 -1.237
19.556 0.429 -5.031 0.656 3.927 0.010 -18.728 -1.240
19.560 0.380 -4.888 14.346 3.927 0.010 -18.731 -1.243
19.563 0.334 -4.598 28.989 3.927 0.010 -18.733 -1.245
19.566 0.291 -4.299 29.868 3.927 0.010 -18.735 -1.247
19.569 0.251 -4.001 29.784 3.927 0.010 -18.737 -1.249
19.571 0.214 -3.704 29.711 3.927 0.010 -18.739 -1.251
19.573 0.180 -3.408 29.648 3.927 0.010 -18.740 -1.252
19.574 0.149 -3.112 29.594 3.927 0.010 -18.741 -1.253
19.575 0.121 -2.816 29.549 3.927 0.010 -18.742 -1.254
19.576 0.096 -2.521 29.512 3.927 0.010 -18.742 -1.255
19.577 0.074 -2.226 29.483 3.927 0.010 -18.743 -1.255
19.577 0.054 -1.932 29.460 3.927 0.010 -18.743 -1.255
19.578 0.038 -1.637 29.442 3.927 0.010 -18.744 -1.256
19.578 0.024 -1.343 29.430 3.927 0.010 -18.744 -1.256
19.578 0.014 -1.049 29.421 3.927 0.010 -18.744 -1.256
19.578 0.006 -0.755 29.416 3.927 0.010 -18.744 -1.256
19.578 0.002 -0.461 29.413 3.927 0.010 -18.744 -1.256
19.578 0.000 -0.167 29.412 3.927 0.010 -18.744 -1.256
19.578 0.000 -0.010 15.679 3.927 0.010 -18.744 -1.256
